StanfordSceneDatabase
version 1.0
modelCount 6
newModel 0 room01
parentIndex -1
children 1 2 3
parentMaterialGroupIndex 0
parentTriangleIndex 0
parentUV 0.0000000 0.0000000
parentContactPosition 0.0000000 0.0000000 0.0000000
parentContactNormal 0.0000000 0.0000000 0.0000000
parentOffset 0.0000000 0.0000000 0.0000000
scale 1.0596645
scale 1.1378601
scale 1.0000000
transform 0.0000000 -1.1378601 0.0000000 0.0000000 1.0596645 0.0000000 0.0000000 0.0000000 0.0000000 0.0000000 1.0000000 0.0000000 3.1127644 276.4288837 0.0000000 1.0000000
newModel 1 f2518339da2a64ea5e87e18e0a88e78f
parentIndex 0
children
parentMaterialGroupIndex 0
parentTriangleIndex 0
parentUV 0.0000000 0.0000000
parentContactPosition 0.0000000 0.0000000 0.0000000
parentContactNormal 0.0000000 0.0000000 0.0000000
parentOffset 0.0000000 0.0000000 0.0000000
scale 0.9972116
scale 0.9306659
scale 1.1623523
transform 0.9794558 -0.1748410 0.0000000 0.0000000 0.1873427 0.9140950 0.0000000 0.0000000 0.0000000 0.0000000 1.1623523 0.0000000 65.6125721 15.2645249 0.0000000 1.0000000
newModel 2 569e2fce2f1ab3be617e9d9aa36a8137
parentIndex 0
children 4
parentMaterialGroupIndex 0
parentTriangleIndex 0
parentUV 0.0000000 0.0000000
parentContactPosition 0.0000000 0.0000000 0.0000000
parentContactNormal 0.0000000 0.0000000 0.0000000
parentOffset 0.0000000 0.0000000 0.0000000
scale 1.4392418
scale 1.2228748
scale 1.5584496
transform 1.4381935 0.0466662 0.0000000 0.0000000 -0.0549230 1.2219841 0.0000000 0.0000000 0.0000000 0.0000000 1.5584496 0.0000000 151.5032695 150.5034571 0.0000000 1.0000000
newModel 3 699468993d0ab5cb98d5fc0473d00a1c
parentIndex 0
children 5
parentMaterialGroupIndex 0
parentTriangleIndex 0
parentUV 0.0000000 0.0000000
parentContactPosition 0.0000000 0.0000000 0.0000000
parentContactNormal 0.0000000 0.0000000 0.0000000
parentOffset 0.0000000 0.0000000 0.0000000
scale 1.2209198
scale 1.3131126
scale 0.2548222
transform 1.2208376 0.0152404 0.0000000 0.0000000 -0.0141704 1.3130242 0.0000000 0.0000000 0.0000000 0.0000000 0.2548222 0.0000000 124.4163284 -54.8349111 0.0000000 1.0000000
newModel 4 da0f6b3a375a7e77e963c7e7c24b8dcd
parentIndex 2
children
parentMaterialGroupIndex 0
parentTriangleIndex 0
parentUV 0.0000000 0.0000000
parentContactPosition 0.0000000 0.0000000 0.0000000
parentContactNormal 0.0000000 0.0000000 0.0000000
parentOffset 0.0000000 0.0000000 0.0000000
scale 1.7166896
scale 2.6791588
scale 2.2190284
transform 1.7157685 0.0877541 0.0000000 0.0000000 -0.0562290 2.6777213 0.0000000 0.0000000 0.0000000 0.0000000 2.2190284 0.0000000 116.2825623 116.7821909 47.7991571 1.0000000
newModel 5 a4c14d2008146b61bcab7dd7c7b222d8
parentIndex 3
children
parentMaterialGroupIndex 0
parentTriangleIndex 0
parentUV 0.0000000 0.0000000
parentContactPosition 0.0000000 0.0000000 0.0000000
parentContactNormal 0.0000000 0.0000000 0.0000000
parentOffset 0.0000000 0.0000000 0.0000000
scale 0.1168655
scale 0.1935025
scale 0.1349327
transform 0.1159034 0.0247780 0.0000000 0.0000000 -0.0149646 0.1919095 0.0000000 0.0000000 0.0000000 0.0000000 0.1349327 0.0000000 82.1829105 130.0422757 29.9250486 1.0000000
