StanfordSceneDatabase
version 1.0
modelCount 5
newModel 0 room02
parentIndex -1
children 1 2 3
parentMaterialGroupIndex 0
parentTriangleIndex 0
parentUV 0.0000000 0.0000000
parentContactPosition 0.0000000 0.0000000 0.0000000
parentContactNormal 0.0000000 0.0000000 0.0000000
parentOffset 0.0000000 0.0000000 0.0000000
scale 1.2121212
scale 1.1042945
scale 1.0000000
transform 0.0000000 -1.2121212 0.0000000 0.0000000 1.1042945 0.0000000 0.0000000 0.0000000 0.0000000 0.0000000 1.0000000 0.0000000 -3.1380000 288.2500000 0.0000000 1.0000000
newModel 1 c0b76f006237ccd3e0e89fd83955713c
parentIndex 0
children
parentMaterialGroupIndex 0
parentTriangleIndex 0
parentUV 0.0000000 0.0000000
parentContactPosition 0.0000000 0.0000000 0.0000000
parentContactNormal 0.0000000 0.0000000 0.0000000
parentOffset 0.0000000 0.0000000 0.0000000
scale 2.3810731
scale 1.6375693
scale 1.6419954
transform 0.0000000 2.3810731 0.0000000 0.0000000 -1.6375693 0.0000000 0.0000000 0.0000000 0.0000000 0.0000000 1.6419954 0.0000000 209.9948084 -1261.5751274 -0.0000000 1.0000000
newModel 2 a49d69c86f512f5d28783a5eb7743d5f
parentIndex 0
children 4
parentMaterialGroupIndex 0
parentTriangleIndex 0
parentUV 0.0000000 0.0000000
parentContactPosition 0.0000000 0.0000000 0.0000000
parentContactNormal 0.0000000 0.0000000 0.0000000
parentOffset 0.0000000 0.0000000 0.0000000
scale 2.1854047
scale 2.5109317
scale 1.3682499
transform 0.0000000 2.1854047 0.0000000 0.0000000 -2.5109317 0.0000000 0.0000000 0.0000000 0.0000000 0.0000000 1.3682499 0.0000000 240.3013398 145.7697945 0.0000000 1.0000000
newModel 3 c4cb5bcb1a9399ae504721639e19f609
parentIndex 0
children
parentMaterialGroupIndex 0
parentTriangleIndex 0
parentUV 0.0000000 0.0000000
parentContactPosition 0.0000000 0.0000000 0.0000000
parentContactNormal 0.0000000 0.0000000 0.0000000
parentOffset 0.0000000 0.0000000 0.0000000
scale 2.6247867
scale 5.4100942
scale 4.0432724
transform 0.0000000 2.6247867 0.0000000 0.0000000 -5.4100942 0.0000000 0.0000000 0.0000000 0.0000000 0.0000000 4.0432724 0.0000000 183.8473457 170.5648381 0.2897749 1.0000000
newModel 4 37a0450d563c75fee6fd37924022d82
parentIndex 2
children
parentMaterialGroupIndex 0
parentTriangleIndex 0
parentUV 0.0000000 0.0000000
parentContactPosition 0.0000000 0.0000000 0.0000000
parentContactNormal 0.0000000 0.0000000 0.0000000
parentOffset 0.0000000 0.0000000 0.0000000
scale 1.0133500
scale 1.0133500
scale 1.0133500
transform 0.0000000 1.0133500 0.0000000 0.0000000 -1.0133500 0.0000000 0.0000000 0.0000000 0.0000000 0.0000000 1.0133500 0.0000000 230.3481529 80.6149863 25.2262864 1.0000000
