StanfordSceneDatabase
version 1.0
modelCount 8
newModel 0 room00
parentIndex -1
children 1 2 3 4
parentMaterialGroupIndex 0
parentTriangleIndex 0
parentUV 0.0000000 0.0000000
parentContactPosition 0.0000000 0.0000000 0.0000000
parentContactNormal 0.0000000 0.0000000 0.0000000
parentOffset 0.0000000 0.0000000 0.0000000
scale 1.2213740
scale 1.2345679
scale 1.0000000
transform 0.0000000 -1.2345679 0.0000000 0.0000000 1.2213740 0.0000000 0.0000000 0.0000000 0.0000000 0.0000000 1.0000000 0.0000000 1.6030534 301.6203704 0.0000000 1.0000000
newModel 1 215f72973cfa2c9a42c2142b4fb342c8
parentIndex 0
children
parentMaterialGroupIndex 0
parentTriangleIndex 0
parentUV 0.0000000 0.0000000
parentContactPosition 0.0000000 0.0000000 0.0000000
parentContactNormal 0.0000000 0.0000000 0.0000000
parentOffset 0.0000000 0.0000000 0.0000000
scale 1.1551100
scale 1.1551100
scale 1.1551100
transform 1.1551100 -0.0000000 0.0000000 0.0000000 0.0000000 1.1551100 0.0000000 0.0000000 0.0000000 0.0000000 1.1551100 0.0000000 29.3606530 151.3094379 8.8018838 1.0000000
newModel 2 30f435dd6d37fbdec4b73036ef32ebc6
parentIndex 0
children 5 6 7
parentMaterialGroupIndex 0
parentTriangleIndex 0
parentUV 0.0000000 0.0000000
parentContactPosition 0.0000000 0.0000000 0.0000000
parentContactNormal 0.0000000 0.0000000 0.0000000
parentOffset 0.0000000 0.0000000 0.0000000
scale 3.9190319
scale 0.7264501
scale 1.6873000
transform 3.9190319 -0.0000000 0.0000000 0.0000000 0.0000000 0.7264501 0.0000000 0.0000000 0.0000000 0.0000000 1.6873000 0.0000000 146.0582869 257.7211087 12.7414364 1.0000000
newModel 3 c4cb5bcb1a9399ae504721639e19f609
parentIndex 0
children
parentMaterialGroupIndex 0
parentTriangleIndex 0
parentUV 0.0000000 0.0000000
parentContactPosition 0.0000000 0.0000000 0.0000000
parentContactNormal 0.0000000 0.0000000 0.0000000
parentOffset 0.0000000 0.0000000 0.0000000
scale 2.6247867
scale 5.4100942
scale 4.0432724
transform 2.6247867 -0.0000000 0.0000000 0.0000000 0.0000000 5.4100942 0.0000000 0.0000000 0.0000000 0.0000000 4.0432724 0.0000000 15.1255674 247.4957374 2.1926568 1.0000000
newModel 4 d3f40d8130f6246da260daaa52a3acd8
parentIndex 0
children
parentMaterialGroupIndex 0
parentTriangleIndex 0
parentUV 0.0000000 0.0000000
parentContactPosition 0.0000000 0.0000000 0.0000000
parentContactNormal 0.0000000 0.0000000 0.0000000
parentOffset 0.0000000 0.0000000 0.0000000
scale 1.4638290
scale 0.2897152
scale 1.3244131
transform -1.4638290 0.0000000 0.0000000 0.0000000 -0.0000000 -0.2897152 0.0000000 0.0000000 0.0000000 0.0000000 1.3244131 0.0000000 281.6864260 293.4079669 69.0357724 1.0000000
newModel 5 3ec8e454858a6aed2513f3510eefb345
parentIndex 2
children
parentMaterialGroupIndex 0
parentTriangleIndex 0
parentUV 0.0000000 0.0000000
parentContactPosition 0.0000000 0.0000000 0.0000000
parentContactNormal 0.0000000 0.0000000 0.0000000
parentOffset 0.0000000 0.0000000 0.0000000
scale 4.2822856
scale 2.1031174
scale 10.2010175
transform -4.2822856 0.0000000 0.0000000 0.0000000 -0.0000000 -2.1031174 0.0000000 0.0000000 0.0000000 0.0000000 10.2010175 0.0000000 274.1738459 308.4954262 61.6253949 1.0000000
newModel 6 225d37286bed9bb9dbf53b03c847b004
parentIndex 2
children
parentMaterialGroupIndex 0
parentTriangleIndex 0
parentUV 0.0000000 0.0000000
parentContactPosition 0.0000000 0.0000000 0.0000000
parentContactNormal 0.0000000 0.0000000 0.0000000
parentOffset 0.0000000 0.0000000 0.0000000
scale 1.2621800
scale 1.1589903
scale 1.5120907
transform 1.2621800 -0.0000000 0.0000000 0.0000000 0.0000000 1.1589903 0.0000000 0.0000000 0.0000000 0.0000000 1.5120907 0.0000000 39.9533390 228.6412194 14.7421176 1.0000000
newModel 7 37a0450d563c75fee6fd37924022d82
parentIndex 2
children
parentMaterialGroupIndex 0
parentTriangleIndex 0
parentUV 0.0000000 0.0000000
parentContactPosition 0.0000000 0.0000000 0.0000000
parentContactNormal 0.0000000 0.0000000 0.0000000
parentOffset 0.0000000 0.0000000 0.0000000
scale 1.0133500
scale 1.0133500
scale 1.0133500
transform -1.0133500 0.0000000 0.0000000 0.0000000 -0.0000000 -1.0133500 0.0000000 0.0000000 0.0000000 0.0000000 1.0133500 0.0000000 243.1427259 279.5951910 45.8749376 1.0000000
