StanfordSceneDatabase
version 1.0
modelCount 9
newModel 0 room04
parentIndex -1
children 1 2 3 4 5 6
parentMaterialGroupIndex 0
parentTriangleIndex 0
parentUV 0.0000000 0.0000000
parentContactPosition 0.0000000 0.0000000 0.0000000
parentContactNormal 0.0000000 0.0000000 0.0000000
parentOffset 0.0000000 0.0000000 0.0000000
scale 0.9615385
scale 1.0416667
scale 0.6923077
transform 0.0000000 -1.0416667 0.0000000 0.0000000 0.9615385 0.0000000 0.0000000 0.0000000 0.0000000 0.0000000 0.6923077 0.0000000 46.1538462 312.5000000 0.0000000 1.0000000
newModel 1 215f72973cfa2c9a42c2142b4fb342c8
parentIndex 0
children
parentMaterialGroupIndex 0
parentTriangleIndex 0
parentUV 0.0000000 0.0000000
parentContactPosition 0.0000000 0.0000000 0.0000000
parentContactNormal 0.0000000 0.0000000 0.0000000
parentOffset 0.0000000 0.0000000 0.0000000
scale 1.1551100
scale 1.1551100
scale 1.1551100
transform 1.1551100 -0.0000000 0.0000000 0.0000000 0.0000000 1.1551100 0.0000000 0.0000000 0.0000000 0.0000000 1.1551100 0.0000000 130.1482562 153.8498308 6.9306600 1.0000000
newModel 2 a49d69c86f512f5d28783a5eb7743d5f
parentIndex 0
children 7
parentMaterialGroupIndex 0
parentTriangleIndex 0
parentUV 0.0000000 0.0000000
parentContactPosition 0.0000000 0.0000000 0.0000000
parentContactNormal 0.0000000 0.0000000 0.0000000
parentOffset 0.0000000 0.0000000 0.0000000
scale 2.1854047
scale 2.5109317
scale 1.3682499
transform -2.1854047 0.0000000 0.0000000 0.0000000 -0.0000000 -2.5109317 0.0000000 0.0000000 0.0000000 0.0000000 1.3682499 0.0000000 128.0304336 290.0700801 0.0000000 1.0000000
newModel 3 a49d69c86f512f5d28783a5eb7743d5f
parentIndex 0
children 8
parentMaterialGroupIndex 0
parentTriangleIndex 0
parentUV 0.0000000 0.0000000
parentContactPosition 0.0000000 0.0000000 0.0000000
parentContactNormal 0.0000000 0.0000000 0.0000000
parentOffset 0.0000000 0.0000000 0.0000000
scale 2.1854047
scale 2.5109317
scale 1.3682499
transform -2.1854047 0.0000000 0.0000000 0.0000000 -0.0000000 -2.5109317 0.0000000 0.0000000 0.0000000 0.0000000 1.3682499 0.0000000 284.5902316 288.9207144 0.0000000 1.0000000
newModel 4 a2cf3d4375a5c6a65dea31ce253437e6
parentIndex 0
children
parentMaterialGroupIndex 0
parentTriangleIndex 0
parentUV 0.0000000 0.0000000
parentContactPosition 0.0000000 0.0000000 0.0000000
parentContactNormal 0.0000000 0.0000000 0.0000000
parentOffset 0.0000000 0.0000000 0.0000000
scale 1.5818437
scale 1.3076103
scale 1.5748133
transform 1.5818437 -0.0000000 0.0000000 0.0000000 0.0000000 1.3076103 0.0000000 0.0000000 0.0000000 0.0000000 1.5748133 0.0000000 93.1249696 11.0571242 0.0000000 1.0000000
newModel 5 c93c514b07cc289df91663a74ccd2338
parentIndex 0
children
parentMaterialGroupIndex 0
parentTriangleIndex 0
parentUV 0.0000000 0.0000000
parentContactPosition 0.0000000 0.0000000 0.0000000
parentContactNormal 0.0000000 0.0000000 0.0000000
parentOffset 0.0000000 0.0000000 0.0000000
scale 1.1596073
scale 1.1566410
scale 1.1476305
transform 0.0000000 1.1566410 0.0000000 0.0000000 -1.1596073 0.0000000 0.0000000 0.0000000 0.0000000 0.0000000 1.1476305 0.0000000 287.9318556 29.9994370 0.0000000 1.0000000
newModel 6 38b214e6b2122bd46e4dd636980e146a
parentIndex 0
children
parentMaterialGroupIndex 0
parentTriangleIndex 0
parentUV 0.0000000 0.0000000
parentContactPosition 0.0000000 0.0000000 0.0000000
parentContactNormal 0.0000000 0.0000000 0.0000000
parentOffset 0.0000000 0.0000000 0.0000000
scale 1.0062893
scale 2.4806202
scale 1.6144786
transform 1.0062893 -0.0000000 0.0000000 0.0000000 0.0000000 2.4806202 0.0000000 0.0000000 0.0000000 0.0000000 1.6144786 0.0000000 -56.7264327 118.0309230 -3.7809475 1.0000000
newModel 7 37a0450d563c75fee6fd37924022d82
parentIndex 2
children
parentMaterialGroupIndex 0
parentTriangleIndex 0
parentUV 0.0000000 0.0000000
parentContactPosition 0.0000000 0.0000000 0.0000000
parentContactNormal 0.0000000 0.0000000 0.0000000
parentOffset 0.0000000 0.0000000 0.0000000
scale 1.0133500
scale 1.0133500
scale 1.0133500
transform -1.0133500 0.0000000 0.0000000 0.0000000 -0.0000000 -1.0133500 0.0000000 0.0000000 0.0000000 0.0000000 1.0133500 0.0000000 200.4249908 276.7617042 25.2262864 1.0000000
newModel 8 37a0450d563c75fee6fd37924022d82
parentIndex 3
children
parentMaterialGroupIndex 0
parentTriangleIndex 0
parentUV 0.0000000 0.0000000
parentContactPosition 0.0000000 0.0000000 0.0000000
parentContactNormal 0.0000000 0.0000000 0.0000000
parentOffset 0.0000000 0.0000000 0.0000000
scale 1.0133500
scale 1.0133500
scale 1.0133500
transform -1.0133500 0.0000000 0.0000000 0.0000000 -0.0000000 -1.0133500 0.0000000 0.0000000 0.0000000 0.0000000 1.0133500 0.0000000 349.8112430 274.8330145 25.2262864 1.0000000
