StanfordSceneDatabase
version 1.0
modelCount 12
newModel 0 room00
parentIndex -1
children 1 2 3 4 5 6
parentMaterialGroupIndex 0
parentTriangleIndex 0
parentUV 0.0000000 0.0000000
parentContactPosition 0.0000000 0.0000000 0.0000000
parentContactNormal 0.0000000 0.0000000 0.0000000
parentOffset 0.0000000 0.0000000 0.0000000
scale 1.2213740
scale 1.2345679
scale 1.0000000
transform 0.0000000 -1.2345679 0.0000000 0.0000000 1.2213740 0.0000000 0.0000000 0.0000000 0.0000000 0.0000000 1.0000000 0.0000000 1.6030534 301.6203704 0.0000000 1.0000000
newModel 1 215f72973cfa2c9a42c2142b4fb342c8
parentIndex 0
children 7
parentMaterialGroupIndex 0
parentTriangleIndex 0
parentUV 0.0000000 0.0000000
parentContactPosition 0.0000000 0.0000000 0.0000000
parentContactNormal 0.0000000 0.0000000 0.0000000
parentOffset 0.0000000 0.0000000 0.0000000
scale 1.1551100
scale 1.1551100
scale 1.1551100
transform -1.1551100 0.0000000 0.0000000 0.0000000 -0.0000000 -1.1551100 0.0000000 0.0000000 0.0000000 0.0000000 1.1551100 0.0000000 169.1447955 143.1758203 8.8018838 1.0000000
newModel 2 30f435dd6d37fbdec4b73036ef32ebc6
parentIndex 0
children 8 9 10
parentMaterialGroupIndex 0
parentTriangleIndex 0
parentUV 0.0000000 0.0000000
parentContactPosition 0.0000000 0.0000000 0.0000000
parentContactNormal 0.0000000 0.0000000 0.0000000
parentOffset 0.0000000 0.0000000 0.0000000
scale 3.9190319
scale 0.7264501
scale 1.6873000
transform -3.9190319 0.0000000 0.0000000 0.0000000 -0.0000000 -0.7264501 0.0000000 0.0000000 0.0000000 0.0000000 1.6873000 0.0000000 247.8060028 40.4881065 12.7414364 1.0000000
newModel 3 d3f40d8130f6246da260daaa52a3acd8
parentIndex 0
children
parentMaterialGroupIndex 0
parentTriangleIndex 0
parentUV 0.0000000 0.0000000
parentContactPosition 0.0000000 0.0000000 0.0000000
parentContactNormal 0.0000000 0.0000000 0.0000000
parentOffset 0.0000000 0.0000000 0.0000000
scale 1.4638290
scale 0.2897152
scale 1.3244131
transform 1.4638290 -0.0000000 0.0000000 0.0000000 0.0000000 0.2897152 0.0000000 0.0000000 0.0000000 0.0000000 1.3244131 0.0000000 33.2948245 6.9364400 69.0357724 1.0000000
newModel 4 18d94e539b0ed30d105e720ebc569399
parentIndex 0
children 11
parentMaterialGroupIndex 0
parentTriangleIndex 0
parentUV 0.0000000 0.0000000
parentContactPosition 0.0000000 0.0000000 0.0000000
parentContactNormal 0.0000000 0.0000000 0.0000000
parentOffset 0.0000000 0.0000000 0.0000000
scale 1.4569349
scale 2.6895458
scale 1.6501120
transform 1.4569349 -0.0000000 0.0000000 0.0000000 0.0000000 2.6895458 0.0000000 0.0000000 0.0000000 0.0000000 1.6501120 0.0000000 5.7730760 10.0509109 36.5526211 1.0000000
newModel 5 c4cb5bcb1a9399ae504721639e19f609
parentIndex 0
children
parentMaterialGroupIndex 0
parentTriangleIndex 0
parentUV 0.0000000 0.0000000
parentContactPosition 0.0000000 0.0000000 0.0000000
parentContactNormal 0.0000000 0.0000000 0.0000000
parentOffset 0.0000000 0.0000000 0.0000000
scale 2.6247867
scale 5.4100942
scale 4.0432724
transform 0.0000000 5.4100942 0.0000000 0.0000000 -2.6247867 0.0000000 0.0000000 0.0000000 0.0000000 0.0000000 4.0432724 0.0000000 41.2625009 110.5051505 2.1926568 1.0000000
newModel 6 b5787ebfe1c5b31f68661782af60b711
parentIndex 0
children
parentMaterialGroupIndex 0
parentTriangleIndex 0
parentUV 0.0000000 0.0000000
parentContactPosition 0.0000000 0.0000000 0.0000000
parentContactNormal 0.0000000 0.0000000 0.0000000
parentOffset 0.0000000 0.0000000 0.0000000
scale 19.7470207
scale 1.2318507
scale 1.6692833
transform 0.0000000 1.2318507 0.0000000 0.0000000 -19.7470207 0.0000000 0.0000000 0.0000000 0.0000000 0.0000000 1.6692833 0.0000000 200.7770939 180.5138860 74.2500000 1.0000000
newModel 7 2e22e4ffe7fa6b9998d5fc0473d00a1c
parentIndex 1
children
parentMaterialGroupIndex 0
parentTriangleIndex 0
parentUV 0.0000000 0.0000000
parentContactPosition 0.0000000 0.0000000 0.0000000
parentContactNormal 0.0000000 0.0000000 0.0000000
parentOffset 0.0000000 0.0000000 0.0000000
scale 1.1275184
scale 2.0640887
scale 0.7093924
transform 1.1275184 -0.0000000 0.0000000 0.0000000 0.0000000 2.0640887 0.0000000 0.0000000 0.0000000 0.0000000 0.7093924 0.0000000 54.6671907 47.7122625 69.0378671 1.0000000
newModel 8 37a0450d563c75fee6fd37924022d82
parentIndex 2
children
parentMaterialGroupIndex 0
parentTriangleIndex 0
parentUV 0.0000000 0.0000000
parentContactPosition 0.0000000 0.0000000 0.0000000
parentContactNormal 0.0000000 0.0000000 0.0000000
parentOffset 0.0000000 0.0000000 0.0000000
scale 1.0133500
scale 1.0133500
scale 1.0133500
transform 1.0133500 -0.0000000 0.0000000 0.0000000 0.0000000 1.0133500 0.0000000 0.0000000 0.0000000 0.0000000 1.0133500 0.0000000 126.0448012 18.6140242 45.8749376 1.0000000
newModel 9 3ec8e454858a6aed2513f3510eefb345
parentIndex 2
children
parentMaterialGroupIndex 0
parentTriangleIndex 0
parentUV 0.0000000 0.0000000
parentContactPosition 0.0000000 0.0000000 0.0000000
parentContactNormal 0.0000000 0.0000000 0.0000000
parentOffset 0.0000000 0.0000000 0.0000000
scale 4.2822856
scale 2.1031174
scale 10.2010175
transform 4.2822856 -0.0000000 0.0000000 0.0000000 0.0000000 2.1031174 0.0000000 0.0000000 0.0000000 0.0000000 10.2010175 0.0000000 110.6301352 -14.4487812 61.6253949 1.0000000
newModel 10 225d37286bed9bb9dbf53b03c847b004
parentIndex 2
children
parentMaterialGroupIndex 0
parentTriangleIndex 0
parentUV 0.0000000 0.0000000
parentContactPosition 0.0000000 0.0000000 0.0000000
parentContactNormal 0.0000000 0.0000000 0.0000000
parentOffset 0.0000000 0.0000000 0.0000000
scale 1.2621800
scale 1.1589903
scale 1.5120907
transform -1.2621800 0.0000000 0.0000000 0.0000000 -0.0000000 -1.1589903 0.0000000 0.0000000 0.0000000 0.0000000 1.5120907 0.0000000 324.0533883 63.9091088 14.7421176 1.0000000
newModel 11 6753572868705eacdd043998582f5fa
parentIndex 4
children
parentMaterialGroupIndex 0
parentTriangleIndex 0
parentUV 0.0000000 0.0000000
parentContactPosition 0.0000000 0.0000000 0.0000000
parentContactNormal 0.0000000 0.0000000 0.0000000
parentOffset 0.0000000 0.0000000 0.0000000
scale 1.3333333
scale 0.7353947
scale 1.3917110
transform 1.3333333 -0.0000000 0.0000000 0.0000000 0.0000000 0.7353947 0.0000000 0.0000000 0.0000000 0.0000000 1.3917110 0.0000000 39.2695371 24.1060624 39.3371851 1.0000000
