StanfordSceneDatabase
version 1.0
modelCount 10
newModel 0 room02
parentIndex -1
children 1 2 3 4 5 6
parentMaterialGroupIndex 0
parentTriangleIndex 0
parentUV 0.0000000 0.0000000
parentContactPosition 0.0000000 0.0000000 0.0000000
parentContactNormal 0.0000000 0.0000000 0.0000000
parentOffset 0.0000000 0.0000000 0.0000000
scale 1.0655515
scale 1.1308793
scale 1.0000000
transform 0.0000000 -1.1308793 0.0000000 0.0000000 1.0655515 0.0000000 0.0000000 0.0000000 0.0000000 0.0000000 1.0000000 0.0000000 1.5983273 278.1963190 0.0000000 1.0000000
newModel 1 f2518339da2a64ea5e87e18e0a88e78f
parentIndex 0
children
parentMaterialGroupIndex 0
parentTriangleIndex 0
parentUV 0.0000000 0.0000000
parentContactPosition 0.0000000 0.0000000 0.0000000
parentContactNormal 0.0000000 0.0000000 0.0000000
parentOffset 0.0000000 0.0000000 0.0000000
scale 0.9972116
scale 0.9306659
scale 1.1623523
transform 0.9972116 -0.0000000 0.0000000 0.0000000 0.0000000 0.9306659 0.0000000 0.0000000 0.0000000 0.0000000 1.1623523 0.0000000 12.5035152 117.9594200 0.0000000 1.0000000
newModel 2 3d3b4b8874f2aaddc397356311cbeea4
parentIndex 0
children
parentMaterialGroupIndex 0
parentTriangleIndex 0
parentUV 0.0000000 0.0000000
parentContactPosition 0.0000000 0.0000000 0.0000000
parentContactNormal 0.0000000 0.0000000 0.0000000
parentOffset 0.0000000 0.0000000 0.0000000
scale 2.2203700
scale 2.2203700
scale 2.2203700
transform 2.2203700 -0.0000000 0.0000000 0.0000000 0.0000000 2.2203700 0.0000000 0.0000000 0.0000000 0.0000000 2.2203700 0.0000000 15.6164599 216.8631768 -0.0000000 1.0000000
newModel 3 3d3b4b8874f2aaddc397356311cbeea4
parentIndex 0
children 7
parentMaterialGroupIndex 0
parentTriangleIndex 0
parentUV 0.0000000 0.0000000
parentContactPosition 0.0000000 0.0000000 0.0000000
parentContactNormal 0.0000000 0.0000000 0.0000000
parentOffset 0.0000000 0.0000000 0.0000000
scale 2.2203700
scale 2.2203700
scale 2.2203700
transform 2.2203700 -0.0000000 0.0000000 0.0000000 0.0000000 2.2203700 0.0000000 0.0000000 0.0000000 0.0000000 2.2203700 0.0000000 175.6905912 216.9340563 -0.0000000 1.0000000
newModel 4 569e2fce2f1ab3be617e9d9aa36a8137
parentIndex 0
children 8
parentMaterialGroupIndex 0
parentTriangleIndex 0
parentUV 0.0000000 0.0000000
parentContactPosition 0.0000000 0.0000000 0.0000000
parentContactNormal 0.0000000 0.0000000 0.0000000
parentOffset 0.0000000 0.0000000 0.0000000
scale 1.4392418
scale 1.2228748
scale 1.5584496
transform -1.4392418 0.0000000 0.0000000 0.0000000 -0.0000000 -1.2228748 0.0000000 0.0000000 0.0000000 0.0000000 1.5584496 0.0000000 207.8712025 32.3963661 0.0000000 1.0000000
newModel 5 699468993d0ab5cb98d5fc0473d00a1c
parentIndex 0
children 9
parentMaterialGroupIndex 0
parentTriangleIndex 0
parentUV 0.0000000 0.0000000
parentContactPosition 0.0000000 0.0000000 0.0000000
parentContactNormal 0.0000000 0.0000000 0.0000000
parentOffset 0.0000000 0.0000000 0.0000000
scale 1.2209198
scale 1.3131126
scale 0.2548222
transform -1.2209198 0.0000000 0.0000000 0.0000000 -0.0000000 -1.3131126 0.0000000 0.0000000 0.0000000 0.0000000 0.2548222 0.0000000 65.0499713 211.1769858 0.0000000 1.0000000
newModel 6 49bb44051ac701a38e6dba661026d53a
parentIndex 0
children
parentMaterialGroupIndex 0
parentTriangleIndex 0
parentUV 0.0000000 0.0000000
parentContactPosition 0.0000000 0.0000000 0.0000000
parentContactNormal 0.0000000 0.0000000 0.0000000
parentOffset 0.0000000 0.0000000 0.0000000
scale 0.9876377
scale 1.3294825
scale 1.7444093
transform 0.0000000 1.3294825 0.0000000 0.0000000 -0.9876377 0.0000000 0.0000000 0.0000000 0.0000000 0.0000000 1.7444093 0.0000000 269.1345105 103.7093932 -0.0000000 1.0000000
newModel 7 37a0450d563c75fee6fd37924022d82
parentIndex 3
children
parentMaterialGroupIndex 0
parentTriangleIndex 0
parentUV 0.0000000 0.0000000
parentContactPosition 0.0000000 0.0000000 0.0000000
parentContactNormal 0.0000000 0.0000000 0.0000000
parentOffset 0.0000000 0.0000000 0.0000000
scale 1.0133500
scale 1.0133500
scale 1.0133500
transform -1.0133500 0.0000000 0.0000000 0.0000000 -0.0000000 -1.0133500 0.0000000 0.0000000 0.0000000 0.0000000 1.0133500 0.0000000 290.4778593 251.2792702 25.2262864 1.0000000
newModel 8 da0f6b3a375a7e77e963c7e7c24b8dcd
parentIndex 4
children
parentMaterialGroupIndex 0
parentTriangleIndex 0
parentUV 0.0000000 0.0000000
parentContactPosition 0.0000000 0.0000000 0.0000000
parentContactNormal 0.0000000 0.0000000 0.0000000
parentOffset 0.0000000 0.0000000 0.0000000
scale 1.7166896
scale 2.6791588
scale 2.2190284
transform -1.7166896 0.0000000 0.0000000 0.0000000 -0.0000000 -2.6791588 0.0000000 0.0000000 0.0000000 0.0000000 2.2190284 0.0000000 231.7985723 57.1899595 47.7991571 1.0000000
newModel 9 a4c14d2008146b61bcab7dd7c7b222d8
parentIndex 5
children
parentMaterialGroupIndex 0
parentTriangleIndex 0
parentUV 0.0000000 0.0000000
parentContactPosition 0.0000000 0.0000000 0.0000000
parentContactNormal 0.0000000 0.0000000 0.0000000
parentOffset 0.0000000 0.0000000 0.0000000
scale 0.1168655
scale 0.1935025
scale 0.1349327
transform -0.1168655 0.0000000 0.0000000 0.0000000 -0.0000000 -0.1935025 0.0000000 0.0000000 0.0000000 0.0000000 0.1349327 0.0000000 102.5323103 17.9141007 29.9250486 1.0000000
