StanfordSceneDatabase
version 1.0
modelCount 11
newModel 0 room02
parentIndex -1
children 1 2 3 4 5 6 8
parentMaterialGroupIndex 0
parentTriangleIndex 0
parentUV 0.0000000 0.0000000
parentContactPosition 0.0000000 0.0000000 0.0000000
parentContactNormal 0.0000000 0.0000000 0.0000000
parentOffset 0.0000000 0.0000000 0.0000000
scale 1.2121212
scale 1.2269939
scale 1.0000000
transform 0.0000000 -1.2121212 0.0000000 0.0000000 1.2269939 0.0000000 0.0000000 0.0000000 0.0000000 0.0000000 1.0000000 0.0000000 0.0000000 300.0000000 0.0000000 1.0000000
newModel 1 c0b76f006237ccd3e0e89fd83955713c
parentIndex 0
children
parentMaterialGroupIndex 0
parentTriangleIndex 0
parentUV 0.0000000 0.0000000
parentContactPosition 0.0000000 0.0000000 0.0000000
parentContactNormal 0.0000000 0.0000000 0.0000000
parentOffset 0.0000000 0.0000000 0.0000000
scale 2.3810731
scale 1.6375693
scale 1.6419954
transform -2.3810731 0.0000000 0.0000000 0.0000000 -0.0000000 -1.6375693 0.0000000 0.0000000 0.0000000 0.0000000 1.6419954 0.0000000 1495.6761286 216.4458171 -0.0000000 1.0000000
newModel 2 cb70b087e5bc5e9522e46d8e163c0f81
parentIndex 0
children
parentMaterialGroupIndex 0
parentTriangleIndex 0
parentUV 0.0000000 0.0000000
parentContactPosition 0.0000000 0.0000000 0.0000000
parentContactNormal 0.0000000 0.0000000 0.0000000
parentOffset 0.0000000 0.0000000 0.0000000
scale 1.7116483
scale 2.2773256
scale 1.7512078
transform -1.7116483 0.0000000 0.0000000 0.0000000 -0.0000000 -2.2773256 0.0000000 0.0000000 0.0000000 0.0000000 1.7512078 0.0000000 219.4883174 72.2191518 0.0000000 1.0000000
newModel 3 3d3b4b8874f2aaddc397356311cbeea4
parentIndex 0
children 7
parentMaterialGroupIndex 0
parentTriangleIndex 0
parentUV 0.0000000 0.0000000
parentContactPosition 0.0000000 0.0000000 0.0000000
parentContactNormal 0.0000000 0.0000000 0.0000000
parentOffset 0.0000000 0.0000000 0.0000000
scale 2.2203700
scale 2.2203700
scale 2.2203700
transform 2.2203700 -0.0000000 0.0000000 0.0000000 0.0000000 2.2203700 0.0000000 0.0000000 0.0000000 0.0000000 2.2203700 0.0000000 204.5970019 205.6609457 -0.0000000 1.0000000
newModel 4 3d3b4b8874f2aaddc397356311cbeea4
parentIndex 0
children
parentMaterialGroupIndex 0
parentTriangleIndex 0
parentUV 0.0000000 0.0000000
parentContactPosition 0.0000000 0.0000000 0.0000000
parentContactNormal 0.0000000 0.0000000 0.0000000
parentOffset 0.0000000 0.0000000 0.0000000
scale 2.2203700
scale 2.2203700
scale 2.2203700
transform -0.0000000 -2.2203700 0.0000000 0.0000000 2.2203700 -0.0000000 0.0000000 0.0000000 0.0000000 0.0000000 2.2203700 0.0000000 5.7360438 64.1370022 -0.0000000 1.0000000
newModel 5 da8e9be00f5af54fb370bce5a5e71544
parentIndex 0
children
parentMaterialGroupIndex 0
parentTriangleIndex 0
parentUV 0.0000000 0.0000000
parentContactPosition 0.0000000 0.0000000 0.0000000
parentContactNormal 0.0000000 0.0000000 0.0000000
parentOffset 0.0000000 0.0000000 0.0000000
scale 2.7416838
scale 2.6228978
scale 2.6946587
transform -2.7416838 0.0000000 0.0000000 0.0000000 -0.0000000 -2.6228978 0.0000000 0.0000000 0.0000000 0.0000000 2.6946587 0.0000000 224.3610053 196.4606883 0.2480582 1.0000000
newModel 6 699468993d0ab5cb98d5fc0473d00a1c
parentIndex 0
children 9 10
parentMaterialGroupIndex 0
parentTriangleIndex 0
parentUV 0.0000000 0.0000000
parentContactPosition 0.0000000 0.0000000 0.0000000
parentContactNormal 0.0000000 0.0000000 0.0000000
parentOffset 0.0000000 0.0000000 0.0000000
scale 1.2209198
scale 1.3131126
scale 0.2548222
transform -0.0000000 -1.2209198 0.0000000 0.0000000 1.3131126 -0.0000000 0.0000000 0.0000000 0.0000000 0.0000000 0.2548222 0.0000000 -136.2374488 189.8825510 0.0000000 1.0000000
newModel 7 37a0450d563c75fee6fd37924022d82
parentIndex 3
children
parentMaterialGroupIndex 0
parentTriangleIndex 0
parentUV 0.0000000 0.0000000
parentContactPosition 0.0000000 0.0000000 0.0000000
parentContactNormal 0.0000000 0.0000000 0.0000000
parentOffset 0.0000000 0.0000000 0.0000000
scale 1.0133500
scale 1.0133500
scale 1.0133500
transform -1.0133500 0.0000000 0.0000000 0.0000000 -0.0000000 -1.0133500 0.0000000 0.0000000 0.0000000 0.0000000 1.0133500 0.0000000 319.1271637 242.9172394 25.2262864 1.0000000
newModel 8 49bb44051ac701a38e6dba661026d53a
parentIndex 0
children
parentMaterialGroupIndex 0
parentTriangleIndex 0
parentUV 0.0000000 0.0000000
parentContactPosition 0.0000000 0.0000000 0.0000000
parentContactNormal 0.0000000 0.0000000 0.0000000
parentOffset 0.0000000 0.0000000 0.0000000
scale 0.9876377
scale 1.3294825
scale 1.7444093
transform -0.9876377 0.0000000 0.0000000 0.0000000 -0.0000000 -1.3294825 0.0000000 0.0000000 0.0000000 0.0000000 1.7444093 0.0000000 319.9309908 241.6435831 -0.0000000 1.0000000
newModel 9 a4c14d2008146b61bcab7dd7c7b222d8
parentIndex 6
children
parentMaterialGroupIndex 0
parentTriangleIndex 0
parentUV 0.0000000 0.0000000
parentContactPosition 0.0000000 0.0000000 0.0000000
parentContactNormal 0.0000000 0.0000000 0.0000000
parentOffset 0.0000000 0.0000000 0.0000000
scale 0.1168655
scale 0.1935025
scale 0.1349327
transform -0.0000000 -0.1168655 0.0000000 0.0000000 0.1935025 -0.0000000 0.0000000 0.0000000 0.0000000 0.0000000 0.1349327 0.0000000 58.4162390 226.3593526 29.9250486 1.0000000
newModel 10 a238b2f6f5e2cf66c77016426fd9cf48
parentIndex 6
children
parentMaterialGroupIndex 0
parentTriangleIndex 0
parentUV 0.0000000 0.0000000
parentContactPosition 0.0000000 0.0000000 0.0000000
parentContactNormal 0.0000000 0.0000000 0.0000000
parentOffset 0.0000000 0.0000000 0.0000000
scale 0.0603416
scale 0.0473023
scale 0.1577743
transform 0.0000000 0.0603416 0.0000000 0.0000000 -0.0473023 0.0000000 0.0000000 0.0000000 0.0000000 0.0000000 0.1577743 0.0000000 67.7432622 210.1878134 20.6859088 1.0000000
