StanfordSceneDatabase
version 1.0
modelCount 6
newModel 0 room04
parentIndex -1
children 1 2 3
parentMaterialGroupIndex 0
parentTriangleIndex 0
parentUV 0.0000000 0.0000000
parentContactPosition 0.0000000 0.0000000 0.0000000
parentContactNormal 0.0000000 0.0000000 0.0000000
parentOffset 0.0000000 0.0000000 0.0000000
scale 0.8452692
scale 0.9600694
scale 0.6923077
transform 0.0000000 -0.9600694 0.0000000 0.0000000 0.8452692 0.0000000 0.0000000 0.0000000 0.0000000 0.0000000 0.6923077 0.0000000 40.5729231 288.0208333 0.0000000 1.0000000
newModel 1 215f72973cfa2c9a42c2142b4fb342c8
parentIndex 0
children
parentMaterialGroupIndex 0
parentTriangleIndex 0
parentUV 0.0000000 0.0000000
parentContactPosition 0.0000000 0.0000000 0.0000000
parentContactNormal 0.0000000 0.0000000 0.0000000
parentOffset 0.0000000 0.0000000 0.0000000
scale 1.1551100
scale 1.1551100
scale 1.1551100
transform 0.0533581 1.1538770 0.0000000 0.0000000 -1.1538770 0.0533581 0.0000000 0.0000000 0.0000000 0.0000000 1.1551100 0.0000000 147.7241527 157.7402232 6.9306600 1.0000000
newModel 2 a49d69c86f512f5d28783a5eb7743d5f
parentIndex 0
children 4
parentMaterialGroupIndex 0
parentTriangleIndex 0
parentUV 0.0000000 0.0000000
parentContactPosition 0.0000000 0.0000000 0.0000000
parentContactNormal 0.0000000 0.0000000 0.0000000
parentOffset 0.0000000 0.0000000 0.0000000
scale 2.1854047
scale 2.5109317
scale 1.3682499
transform -1.2170751 -2.0855107 0.0000000 0.0000000 1.8151369 -1.3983645 0.0000000 0.0000000 0.0000000 0.0000000 1.3682499 0.0000000 101.1804197 61.1681029 0.0000000 1.0000000
newModel 3 a49d69c86f512f5d28783a5eb7743d5f
parentIndex 0
children 5
parentMaterialGroupIndex 0
parentTriangleIndex 0
parentUV 0.0000000 0.0000000
parentContactPosition 0.0000000 0.0000000 0.0000000
parentContactNormal 0.0000000 0.0000000 0.0000000
parentOffset 0.0000000 0.0000000 0.0000000
scale 2.1854047
scale 2.5109317
scale 1.3682499
transform -1.6488034 1.6480362 0.0000000 0.0000000 -1.4343783 -1.8944009 0.0000000 0.0000000 0.0000000 0.0000000 1.3682499 0.0000000 242.0346234 249.6819802 0.0000000 1.0000000
newModel 4 37a0450d563c75fee6fd37924022d82
parentIndex 2
children
parentMaterialGroupIndex 0
parentTriangleIndex 0
parentUV 0.0000000 0.0000000
parentContactPosition 0.0000000 0.0000000 0.0000000
parentContactNormal 0.0000000 0.0000000 0.0000000
parentOffset 0.0000000 0.0000000 0.0000000
scale 1.0133500
scale 1.0133500
scale 1.0133500
transform -0.3978940 -0.9319649 0.0000000 0.0000000 0.9319649 -0.3978940 0.0000000 0.0000000 0.0000000 0.0000000 1.0133500 0.0000000 129.0858064 114.5247660 25.2262864 1.0000000
newModel 5 37a0450d563c75fee6fd37924022d82
parentIndex 3
children
parentMaterialGroupIndex 0
parentTriangleIndex 0
parentUV 0.0000000 0.0000000
parentContactPosition 0.0000000 0.0000000 0.0000000
parentContactNormal 0.0000000 0.0000000 0.0000000
parentOffset 0.0000000 0.0000000 0.0000000
scale 1.0133500
scale 1.0133500
scale 1.0133500
transform -0.9046829 0.4565381 0.0000000 0.0000000 -0.4565381 -0.9046829 0.0000000 0.0000000 0.0000000 0.0000000 1.0133500 0.0000000 290.8833570 224.2869286 25.2262864 1.0000000
