StanfordSceneDatabase
version 1.0
modelCount 6
newModel 0 room04
parentIndex -1
children 1 2 3
parentMaterialGroupIndex 0
parentTriangleIndex 0
parentUV 0.0000000 0.0000000
parentContactPosition 0.0000000 0.0000000 0.0000000
parentContactNormal 0.0000000 0.0000000 0.0000000
parentOffset 0.0000000 0.0000000 0.0000000
scale 0.9615385
scale 1.0416667
scale 0.6923077
transform 0.0000000 -1.0416667 0.0000000 0.0000000 0.9615385 0.0000000 0.0000000 0.0000000 0.0000000 0.0000000 0.6923077 0.0000000 28.0158462 300.7500000 0.0000000 1.0000000
newModel 1 215f72973cfa2c9a42c2142b4fb342c8
parentIndex 0
children
parentMaterialGroupIndex 0
parentTriangleIndex 0
parentUV 0.0000000 0.0000000
parentContactPosition 0.0000000 0.0000000 0.0000000
parentContactNormal 0.0000000 0.0000000 0.0000000
parentOffset 0.0000000 0.0000000 0.0000000
scale 1.1551100
scale 1.1551100
scale 1.1551100
transform -1.1551100 0.0000000 0.0000000 0.0000000 -0.0000000 -1.1551100 0.0000000 0.0000000 0.0000000 0.0000000 1.1551100 0.0000000 168.8580110 140.6315542 6.9306600 1.0000000
newModel 2 a49d69c86f512f5d28783a5eb7743d5f
parentIndex 0
children 4
parentMaterialGroupIndex 0
parentTriangleIndex 0
parentUV 0.0000000 0.0000000
parentContactPosition 0.0000000 0.0000000 0.0000000
parentContactNormal 0.0000000 0.0000000 0.0000000
parentOffset 0.0000000 0.0000000 0.0000000
scale 2.1854047
scale 2.5109317
scale 1.3682499
transform 2.1854047 -0.0000000 0.0000000 0.0000000 0.0000000 2.5109317 0.0000000 0.0000000 0.0000000 0.0000000 1.3682499 0.0000000 18.2899513 10.6219653 0.0000000 1.0000000
newModel 3 3d3b4b8874f2aaddc397356311cbeea4
parentIndex 0
children 5
parentMaterialGroupIndex 0
parentTriangleIndex 0
parentUV 0.0000000 0.0000000
parentContactPosition 0.0000000 0.0000000 0.0000000
parentContactNormal 0.0000000 0.0000000 0.0000000
parentOffset 0.0000000 0.0000000 0.0000000
scale 2.2203700
scale 2.2203700
scale 2.2203700
transform -2.2203700 0.0000000 0.0000000 0.0000000 -0.0000000 -2.2203700 0.0000000 0.0000000 0.0000000 0.0000000 2.2203700 0.0000000 235.6260849 52.1105321 -0.0000000 1.0000000
newModel 4 26bb7229b024a8549b0c8289d51d981b
parentIndex 2
children
parentMaterialGroupIndex 0
parentTriangleIndex 0
parentUV 0.0000000 0.0000000
parentContactPosition 0.0000000 0.0000000 0.0000000
parentContactNormal 0.0000000 0.0000000 0.0000000
parentOffset 0.0000000 0.0000000 0.0000000
scale 1.0609062
scale 0.6747923
scale 1.2815661
transform -1.0609062 0.0000000 0.0000000 0.0000000 -0.0000000 -0.6747923 0.0000000 0.0000000 0.0000000 0.0000000 1.2815661 0.0000000 95.8895287 59.2113587 39.3371851 1.0000000
newModel 5 26bb7229b024a8549b0c8289d51d981b
parentIndex 3
children
parentMaterialGroupIndex 0
parentTriangleIndex 0
parentUV 0.0000000 0.0000000
parentContactPosition 0.0000000 0.0000000 0.0000000
parentContactNormal 0.0000000 0.0000000 0.0000000
parentOffset 0.0000000 0.0000000 0.0000000
scale 1.0609062
scale 0.6747923
scale 1.2815661
transform -1.0609062 0.0000000 0.0000000 0.0000000 -0.0000000 -0.6747923 0.0000000 0.0000000 0.0000000 0.0000000 1.2815661 0.0000000 255.3707602 52.7298864 39.3371851 1.0000000
