StanfordSceneDatabase
version 1.0
modelCount 9
newModel 0 room02
parentIndex -1
children 1 2 3 4 5 6
parentMaterialGroupIndex 0
parentTriangleIndex 0
parentUV 0.0000000 0.0000000
parentContactPosition 0.0000000 0.0000000 0.0000000
parentContactNormal 0.0000000 0.0000000 0.0000000
parentOffset 0.0000000 0.0000000 0.0000000
scale 1.0655515
scale 1.1308793
scale 1.0000000
transform 0.0000000 -1.1308793 0.0000000 0.0000000 1.0655515 0.0000000 0.0000000 0.0000000 0.0000000 0.0000000 1.0000000 0.0000000 1.5983273 278.1963190 0.0000000 1.0000000
newModel 1 c0b76f006237ccd3e0e89fd83955713c
parentIndex 0
children
parentMaterialGroupIndex 0
parentTriangleIndex 0
parentUV 0.0000000 0.0000000
parentContactPosition 0.0000000 0.0000000 0.0000000
parentContactNormal 0.0000000 0.0000000 0.0000000
parentOffset 0.0000000 0.0000000 0.0000000
scale 2.3810731
scale 1.6375693
scale 1.6419954
transform 2.3810731 -0.0000000 0.0000000 0.0000000 0.0000000 1.6375693 0.0000000 0.0000000 0.0000000 0.0000000 1.6419954 0.0000000 -1202.6457912 45.1726793 -0.0000000 1.0000000
newModel 2 cb70b087e5bc5e9522e46d8e163c0f81
parentIndex 0
children
parentMaterialGroupIndex 0
parentTriangleIndex 0
parentUV 0.0000000 0.0000000
parentContactPosition 0.0000000 0.0000000 0.0000000
parentContactNormal 0.0000000 0.0000000 0.0000000
parentOffset 0.0000000 0.0000000 0.0000000
scale 1.7116483
scale 2.2773256
scale 1.7512078
transform -1.7116483 0.0000000 0.0000000 0.0000000 -0.0000000 -2.2773256 0.0000000 0.0000000 0.0000000 0.0000000 1.7512078 0.0000000 107.7498337 70.2931550 0.0000000 1.0000000
newModel 3 3d3b4b8874f2aaddc397356311cbeea4
parentIndex 0
children 7
parentMaterialGroupIndex 0
parentTriangleIndex 0
parentUV 0.0000000 0.0000000
parentContactPosition 0.0000000 0.0000000 0.0000000
parentContactNormal 0.0000000 0.0000000 0.0000000
parentOffset 0.0000000 0.0000000 0.0000000
scale 2.2203700
scale 2.2203700
scale 2.2203700
transform -2.2203700 0.0000000 0.0000000 0.0000000 -0.0000000 -2.2203700 0.0000000 0.0000000 0.0000000 0.0000000 2.2203700 0.0000000 253.9161738 59.4976784 -0.0000000 1.0000000
newModel 4 da8e9be00f5af54fb370bce5a5e71544
parentIndex 0
children
parentMaterialGroupIndex 0
parentTriangleIndex 0
parentUV 0.0000000 0.0000000
parentContactPosition 0.0000000 0.0000000 0.0000000
parentContactNormal 0.0000000 0.0000000 0.0000000
parentOffset 0.0000000 0.0000000 0.0000000
scale 2.7416838
scale 2.6228978
scale 2.6946587
transform 0.0000000 2.6228978 0.0000000 0.0000000 -2.7416838 0.0000000 0.0000000 0.0000000 0.0000000 0.0000000 2.6946587 0.0000000 346.6552923 30.0846914 0.2480582 1.0000000
newModel 5 699468993d0ab5cb98d5fc0473d00a1c
parentIndex 0
children 8
parentMaterialGroupIndex 0
parentTriangleIndex 0
parentUV 0.0000000 0.0000000
parentContactPosition 0.0000000 0.0000000 0.0000000
parentContactNormal 0.0000000 0.0000000 0.0000000
parentOffset 0.0000000 0.0000000 0.0000000
scale 1.2209198
scale 1.3131126
scale 0.2548222
transform -0.0000000 1.3131126 0.0000000 0.0000000 -1.2209198 -0.0000000 0.0000000 0.0000000 0.0000000 0.0000000 0.2548222 0.0000000 271.1007082 212.4950444 0.0000000 1.0000000
newModel 6 49bb44051ac701a38e6dba661026d53a
parentIndex 0
children
parentMaterialGroupIndex 0
parentTriangleIndex 0
parentUV 0.0000000 0.0000000
parentContactPosition 0.0000000 0.0000000 0.0000000
parentContactNormal 0.0000000 0.0000000 0.0000000
parentOffset 0.0000000 0.0000000 0.0000000
scale 0.9876377
scale 1.3294825
scale 1.7444093
transform 0.0000000 -1.3294825 0.0000000 0.0000000 0.9876377 0.0000000 0.0000000 0.0000000 0.0000000 0.0000000 1.7444093 0.0000000 200.0975959 130.1140331 -0.0000000 1.0000000
newModel 7 37a0450d563c75fee6fd37924022d82
parentIndex 3
children
parentMaterialGroupIndex 0
parentTriangleIndex 0
parentUV 0.0000000 0.0000000
parentContactPosition 0.0000000 0.0000000 0.0000000
parentContactNormal 0.0000000 0.0000000 0.0000000
parentOffset 0.0000000 0.0000000 0.0000000
scale 1.0133500
scale 1.0133500
scale 1.0133500
transform 1.0133500 -0.0000000 0.0000000 0.0000000 0.0000000 1.0133500 0.0000000 0.0000000 0.0000000 0.0000000 1.0133500 0.0000000 138.4492523 25.9932169 25.2262864 1.0000000
newModel 8 a4c14d2008146b61bcab7dd7c7b222d8
parentIndex 5
children
parentMaterialGroupIndex 0
parentTriangleIndex 0
parentUV 0.0000000 0.0000000
parentContactPosition 0.0000000 0.0000000 0.0000000
parentContactNormal 0.0000000 0.0000000 0.0000000
parentOffset 0.0000000 0.0000000 0.0000000
scale 0.1168655
scale 0.1935025
scale 0.1349327
transform -0.0000000 0.1935025 0.0000000 0.0000000 -0.1168655 -0.0000000 0.0000000 0.0000000 0.0000000 0.0000000 0.1349327 0.0000000 92.0536062 139.3006158 29.9250486 1.0000000
