StanfordSceneDatabase
version 1.0
modelCount 14
newModel 0 room02
parentIndex -1
children 1 2 3 4 5 6 7 8
parentMaterialGroupIndex 0
parentTriangleIndex 0
parentUV 0.0000000 0.0000000
parentContactPosition 0.0000000 0.0000000 0.0000000
parentContactNormal 0.0000000 0.0000000 0.0000000
parentOffset 0.0000000 0.0000000 0.0000000
scale 1.3333333
scale 1.1042945
scale 1.0000000
transform 0.0000000 -1.3333333 0.0000000 0.0000000 1.1042945 0.0000000 0.0000000 0.0000000 0.0000000 0.0000000 1.0000000 0.0000000 30.0000000 315.0000000 0.0000000 1.0000000
newModel 1 215f72973cfa2c9a42c2142b4fb342c8
parentIndex 0
children
parentMaterialGroupIndex 0
parentTriangleIndex 0
parentUV 0.0000000 0.0000000
parentContactPosition 0.0000000 0.0000000 0.0000000
parentContactNormal 0.0000000 0.0000000 0.0000000
parentOffset 0.0000000 0.0000000 0.0000000
scale 1.1551100
scale 1.1551100
scale 1.1551100
transform 1.1551100 -0.0000000 0.0000000 0.0000000 0.0000000 1.1551100 0.0000000 0.0000000 0.0000000 0.0000000 1.1551100 0.0000000 126.7418710 157.7129264 8.8018838 1.0000000
newModel 2 2e22e4ffe7fa6b9998d5fc0473d00a1c
parentIndex 0
children
parentMaterialGroupIndex 0
parentTriangleIndex 0
parentUV 0.0000000 0.0000000
parentContactPosition 0.0000000 0.0000000 0.0000000
parentContactNormal 0.0000000 0.0000000 0.0000000
parentOffset 0.0000000 0.0000000 0.0000000
scale 1.1275184
scale 2.0640887
scale 0.7093924
transform -0.0000000 -1.1275184 0.0000000 0.0000000 2.0640887 -0.0000000 0.0000000 0.0000000 0.0000000 0.0000000 0.7093924 0.0000000 249.3074664 225.2843373 -0.0000000 1.0000000
newModel 3 3cca1a0ecf18f8e8ad16cd5787d23a99
parentIndex 0
children
parentMaterialGroupIndex 0
parentTriangleIndex 0
parentUV 0.0000000 0.0000000
parentContactPosition 0.0000000 0.0000000 0.0000000
parentContactNormal 0.0000000 0.0000000 0.0000000
parentOffset 0.0000000 0.0000000 0.0000000
scale 3.1021082
scale 3.1021030
scale 2.3475413
transform 3.1021082 -0.0000000 0.0000000 0.0000000 0.0000000 3.1021030 0.0000000 0.0000000 0.0000000 0.0000000 2.3475413 0.0000000 27.1503868 10.5365690 0.0000000 1.0000000
newModel 4 30f435dd6d37fbdec4b73036ef32ebc6
parentIndex 0
children 9 10 11
parentMaterialGroupIndex 0
parentTriangleIndex 0
parentUV 0.0000000 0.0000000
parentContactPosition 0.0000000 0.0000000 0.0000000
parentContactNormal 0.0000000 0.0000000 0.0000000
parentOffset 0.0000000 0.0000000 0.0000000
scale 3.9190319
scale 0.7264501
scale 1.6873000
transform -3.9190319 0.0000000 0.0000000 0.0000000 -0.0000000 -0.7264501 0.0000000 0.0000000 0.0000000 0.0000000 1.6873000 0.0000000 279.5062900 38.1551775 12.7414364 1.0000000
newModel 5 18d94e539b0ed30d105e720ebc569399
parentIndex 0
children 12 13
parentMaterialGroupIndex 0
parentTriangleIndex 0
parentUV 0.0000000 0.0000000
parentContactPosition 0.0000000 0.0000000 0.0000000
parentContactNormal 0.0000000 0.0000000 0.0000000
parentOffset 0.0000000 0.0000000 0.0000000
scale 1.4569349
scale 2.6895458
scale 1.6501120
transform -0.0000000 -1.4569349 0.0000000 0.0000000 2.6895458 -0.0000000 0.0000000 0.0000000 0.0000000 0.0000000 1.6501120 0.0000000 254.2971423 286.1158819 36.5526211 1.0000000
newModel 6 af32b6f5a0343c107c35d3c5d3b1fcf7
parentIndex 0
children
parentMaterialGroupIndex 0
parentTriangleIndex 0
parentUV 0.0000000 0.0000000
parentContactPosition 0.0000000 0.0000000 0.0000000
parentContactNormal 0.0000000 0.0000000 0.0000000
parentOffset 0.0000000 0.0000000 0.0000000
scale 0.7153194
scale 0.9629118
scale 0.8834803
transform 0.0000000 0.7153194 0.0000000 0.0000000 -0.9629118 0.0000000 0.0000000 0.0000000 0.0000000 0.0000000 0.8834803 0.0000000 315.8555472 40.0254633 -0.7730453 1.0000000
newModel 7 c4cb5bcb1a9399ae504721639e19f609
parentIndex 0
children
parentMaterialGroupIndex 0
parentTriangleIndex 0
parentUV 0.0000000 0.0000000
parentContactPosition 0.0000000 0.0000000 0.0000000
parentContactNormal 0.0000000 0.0000000 0.0000000
parentOffset 0.0000000 0.0000000 0.0000000
scale 2.6247867
scale 5.4100942
scale 4.0432724
transform -2.6247867 0.0000000 0.0000000 0.0000000 -0.0000000 -5.4100942 0.0000000 0.0000000 0.0000000 0.0000000 4.0432724 0.0000000 71.4215683 302.8889379 2.1926568 1.0000000
newModel 8 d3f40d8130f6246da260daaa52a3acd8
parentIndex 0
children
parentMaterialGroupIndex 0
parentTriangleIndex 0
parentUV 0.0000000 0.0000000
parentContactPosition 0.0000000 0.0000000 0.0000000
parentContactNormal 0.0000000 0.0000000 0.0000000
parentOffset 0.0000000 0.0000000 0.0000000
scale 1.4638290
scale 0.2897152
scale 1.3244131
transform 1.4638290 -0.0000000 0.0000000 0.0000000 0.0000000 0.2897152 0.0000000 0.0000000 0.0000000 0.0000000 1.3244131 0.0000000 -27.9927962 296.7967050 69.0357724 1.0000000
newModel 9 225d37286bed9bb9dbf53b03c847b004
parentIndex 4
children
parentMaterialGroupIndex 0
parentTriangleIndex 0
parentUV 0.0000000 0.0000000
parentContactPosition 0.0000000 0.0000000 0.0000000
parentContactNormal 0.0000000 0.0000000 0.0000000
parentOffset 0.0000000 0.0000000 0.0000000
scale 1.2621800
scale 1.1589903
scale 1.5120907
transform -0.0000000 1.2621800 0.0000000 0.0000000 -1.1589903 -0.0000000 0.0000000 0.0000000 0.0000000 0.0000000 1.5120907 0.0000000 277.1133037 -122.0437951 14.7421176 1.0000000
newModel 10 ce798635ececbffd5ac3a75efa13522c
parentIndex 4
children
parentMaterialGroupIndex 0
parentTriangleIndex 0
parentUV 0.0000000 0.0000000
parentContactPosition 0.0000000 0.0000000 0.0000000
parentContactNormal 0.0000000 0.0000000 0.0000000
parentOffset 0.0000000 0.0000000 0.0000000
scale 1.2573176
scale 1.2573159
scale 1.5991602
transform 1.2573176 -0.0000000 0.0000000 0.0000000 0.0000000 1.2573159 0.0000000 0.0000000 0.0000000 0.0000000 1.5991602 0.0000000 157.8329147 -8.4475224 59.9858364 1.0000000
newModel 11 3ec8e454858a6aed2513f3510eefb345
parentIndex 4
children
parentMaterialGroupIndex 0
parentTriangleIndex 0
parentUV 0.0000000 0.0000000
parentContactPosition 0.0000000 0.0000000 0.0000000
parentContactNormal 0.0000000 0.0000000 0.0000000
parentOffset 0.0000000 0.0000000 0.0000000
scale 4.2822856
scale 2.1031174
scale 10.2010175
transform 0.0000000 -4.2822856 0.0000000 0.0000000 2.1031174 0.0000000 0.0000000 0.0000000 0.0000000 0.0000000 10.2010175 0.0000000 209.8005596 106.0153711 61.6253949 1.0000000
newModel 12 37a0450d563c75fee6fd37924022d82
parentIndex 5
children
parentMaterialGroupIndex 0
parentTriangleIndex 0
parentUV 0.0000000 0.0000000
parentContactPosition 0.0000000 0.0000000 0.0000000
parentContactNormal 0.0000000 0.0000000 0.0000000
parentOffset 0.0000000 0.0000000 0.0000000
scale 1.0133500
scale 1.0133500
scale 1.0133500
transform 0.0000000 1.0133500 0.0000000 0.0000000 -1.0133500 0.0000000 0.0000000 0.0000000 0.0000000 0.0000000 1.0133500 0.0000000 288.3796115 179.6502432 25.2262864 1.0000000
newModel 13 6753572868705eacdd043998582f5fa
parentIndex 5
children
parentMaterialGroupIndex 0
parentTriangleIndex 0
parentUV 0.0000000 0.0000000
parentContactPosition 0.0000000 0.0000000 0.0000000
parentContactNormal 0.0000000 0.0000000 0.0000000
parentOffset 0.0000000 0.0000000 0.0000000
scale 4.0000000
scale 2.2061841
scale 4.1751329
transform -0.0000000 -4.0000000 0.0000000 0.0000000 2.2061841 -0.0000000 0.0000000 0.0000000 0.0000000 0.0000000 4.1751329 0.0000000 279.7285590 253.1683501 39.3371851 1.0000000
