StanfordSceneDatabase
version 1.0
modelCount 11
newModel 0 room02
parentIndex -1
children 1 2 3 4 5 6 7
parentMaterialGroupIndex 0
parentTriangleIndex 0
parentUV 0.0000000 0.0000000
parentContactPosition 0.0000000 0.0000000 0.0000000
parentContactNormal 0.0000000 0.0000000 0.0000000
parentOffset 0.0000000 0.0000000 0.0000000
scale 1.1059556
scale 1.1308793
scale 1.0000000
transform 0.0000000 -1.1059556 0.0000000 0.0000000 1.1308793 0.0000000 0.0000000 0.0000000 0.0000000 0.0000000 1.0000000 0.0000000 -6.3880000 275.1120000 0.0000000 1.0000000
newModel 1 c0b76f006237ccd3e0e89fd83955713c
parentIndex 0
children
parentMaterialGroupIndex 0
parentTriangleIndex 0
parentUV 0.0000000 0.0000000
parentContactPosition 0.0000000 0.0000000 0.0000000
parentContactNormal 0.0000000 0.0000000 0.0000000
parentOffset 0.0000000 0.0000000 0.0000000
scale 2.3810731
scale 1.6375693
scale 1.6419954
transform -2.3810731 0.0000000 0.0000000 0.0000000 -0.0000000 -1.6375693 0.0000000 0.0000000 0.0000000 0.0000000 1.6419954 0.0000000 1404.8213947 180.4858397 -0.0000000 1.0000000
newModel 2 5ce562e0632b7e81d8e3889d90601dd1
parentIndex 0
children
parentMaterialGroupIndex 0
parentTriangleIndex 0
parentUV 0.0000000 0.0000000
parentContactPosition 0.0000000 0.0000000 0.0000000
parentContactNormal 0.0000000 0.0000000 0.0000000
parentOffset 0.0000000 0.0000000 0.0000000
scale 1.4835261
scale 1.3285346
scale 1.7142940
transform -1.4835261 0.0000000 0.0000000 0.0000000 -0.0000000 -1.3285346 0.0000000 0.0000000 0.0000000 0.0000000 1.7142940 0.0000000 76.1475675 63.4526869 0.0000000 1.0000000
newModel 3 3d3b4b8874f2aaddc397356311cbeea4
parentIndex 0
children 8
parentMaterialGroupIndex 0
parentTriangleIndex 0
parentUV 0.0000000 0.0000000
parentContactPosition 0.0000000 0.0000000 0.0000000
parentContactNormal 0.0000000 0.0000000 0.0000000
parentOffset 0.0000000 0.0000000 0.0000000
scale 2.2203700
scale 2.2203700
scale 2.2203700
transform 2.2203700 -0.0000000 0.0000000 0.0000000 0.0000000 2.2203700 0.0000000 0.0000000 0.0000000 0.0000000 2.2203700 0.0000000 110.5553200 163.0776670 -0.0000000 1.0000000
newModel 4 da8e9be00f5af54fb370bce5a5e71544
parentIndex 0
children
parentMaterialGroupIndex 0
parentTriangleIndex 0
parentUV 0.0000000 0.0000000
parentContactPosition 0.0000000 0.0000000 0.0000000
parentContactNormal 0.0000000 0.0000000 0.0000000
parentOffset 0.0000000 0.0000000 0.0000000
scale 2.7416838
scale 2.6228978
scale 2.6946587
transform 2.7416838 -0.0000000 0.0000000 0.0000000 0.0000000 2.6228978 0.0000000 0.0000000 0.0000000 0.0000000 2.6946587 0.0000000 74.3975282 37.3194713 0.2480582 1.0000000
newModel 5 cb70b087e5bc5e9522e46d8e163c0f81
parentIndex 0
children 9
parentMaterialGroupIndex 0
parentTriangleIndex 0
parentUV 0.0000000 0.0000000
parentContactPosition 0.0000000 0.0000000 0.0000000
parentContactNormal 0.0000000 0.0000000 0.0000000
parentOffset 0.0000000 0.0000000 0.0000000
scale 1.7116483
scale 2.2773256
scale 1.7512078
transform 1.7116483 -0.0000000 0.0000000 0.0000000 0.0000000 2.2773256 0.0000000 0.0000000 0.0000000 0.0000000 1.7512078 0.0000000 78.3966447 196.6815532 0.0000000 1.0000000
newModel 6 699468993d0ab5cb98d5fc0473d00a1c
parentIndex 0
children 10
parentMaterialGroupIndex 0
parentTriangleIndex 0
parentUV 0.0000000 0.0000000
parentContactPosition 0.0000000 0.0000000 0.0000000
parentContactNormal 0.0000000 0.0000000 0.0000000
parentOffset 0.0000000 0.0000000 0.0000000
scale 1.2209198
scale 1.3131126
scale 0.2548222
transform 1.2209198 -0.0000000 0.0000000 0.0000000 0.0000000 1.3131126 0.0000000 0.0000000 0.0000000 0.0000000 0.2548222 0.0000000 91.1066090 35.0946444 0.0000000 1.0000000
newModel 7 49bb44051ac701a38e6dba661026d53a
parentIndex 0
children
parentMaterialGroupIndex 0
parentTriangleIndex 0
parentUV 0.0000000 0.0000000
parentContactPosition 0.0000000 0.0000000 0.0000000
parentContactNormal 0.0000000 0.0000000 0.0000000
parentOffset 0.0000000 0.0000000 0.0000000
scale 0.9876377
scale 1.3294825
scale 1.7444093
transform 0.0000000 0.9876377 0.0000000 0.0000000 -1.3294825 0.0000000 0.0000000 0.0000000 0.0000000 0.0000000 1.7444093 0.0000000 135.0412243 13.0316885 -0.0000000 1.0000000
newModel 8 37a0450d563c75fee6fd37924022d82
parentIndex 3
children
parentMaterialGroupIndex 0
parentTriangleIndex 0
parentUV 0.0000000 0.0000000
parentContactPosition 0.0000000 0.0000000 0.0000000
parentContactNormal 0.0000000 0.0000000 0.0000000
parentOffset 0.0000000 0.0000000 0.0000000
scale 1.0133500
scale 1.0133500
scale 1.0133500
transform -1.0133500 0.0000000 0.0000000 0.0000000 -0.0000000 -1.0133500 0.0000000 0.0000000 0.0000000 0.0000000 1.0133500 0.0000000 226.0036403 200.7028275 25.2262864 1.0000000
newModel 9 f017544fe5b334df1ab186a8b7e8a26a
parentIndex 5
children
parentMaterialGroupIndex 0
parentTriangleIndex 0
parentUV 0.0000000 0.0000000
parentContactPosition 0.0000000 0.0000000 0.0000000
parentContactNormal 0.0000000 0.0000000 0.0000000
parentOffset 0.0000000 0.0000000 0.0000000
scale 0.4985050
scale 3.4321899
scale 0.6479473
transform 0.4985050 -0.0000000 0.0000000 0.0000000 0.0000000 3.4321899 0.0000000 0.0000000 0.0000000 0.0000000 0.6479473 0.0000000 136.0641448 239.5717190 53.0647500 1.0000000
newModel 10 a4c14d2008146b61bcab7dd7c7b222d8
parentIndex 6
children
parentMaterialGroupIndex 0
parentTriangleIndex 0
parentUV 0.0000000 0.0000000
parentContactPosition 0.0000000 0.0000000 0.0000000
parentContactNormal 0.0000000 0.0000000 0.0000000
parentOffset 0.0000000 0.0000000 0.0000000
scale 0.1168655
scale 0.1935025
scale 0.1349327
transform 0.1168655 -0.0000000 0.0000000 0.0000000 0.0000000 0.1935025 0.0000000 0.0000000 0.0000000 0.0000000 0.1349327 0.0000000 35.4350495 224.8427313 29.9250486 1.0000000
