StanfordSceneDatabase
version 1.0
modelCount 11
newModel 0 room02
parentIndex -1
children 1 2 3 4 5 6 7
parentMaterialGroupIndex 0
parentTriangleIndex 0
parentUV 0.0000000 0.0000000
parentContactPosition 0.0000000 0.0000000 0.0000000
parentContactNormal 0.0000000 0.0000000 0.0000000
parentOffset 0.0000000 0.0000000 0.0000000
scale 1.2121212
scale 1.2269939
scale 1.0000000
transform 0.0000000 -1.2269939 0.0000000 0.0000000 1.2121212 0.0000000 0.0000000 0.0000000 0.0000000 0.0000000 1.0000000 0.0000000 1.8181818 301.8404908 0.0000000 1.0000000
newModel 1 c0b76f006237ccd3e0e89fd83955713c
parentIndex 0
children
parentMaterialGroupIndex 0
parentTriangleIndex 0
parentUV 0.0000000 0.0000000
parentContactPosition 0.0000000 0.0000000 0.0000000
parentContactNormal 0.0000000 0.0000000 0.0000000
parentOffset 0.0000000 0.0000000 0.0000000
scale 2.3810731
scale 1.6375693
scale 1.6419954
transform 2.3810731 -0.0000000 0.0000000 0.0000000 0.0000000 1.6375693 0.0000000 0.0000000 0.0000000 0.0000000 1.6419954 0.0000000 -1177.5350715 38.4937143 -0.0000000 1.0000000
newModel 2 2168308786e7e2ddf1783a44a88d6274
parentIndex 0
children
parentMaterialGroupIndex 0
parentTriangleIndex 0
parentUV 0.0000000 0.0000000
parentContactPosition 0.0000000 0.0000000 0.0000000
parentContactNormal 0.0000000 0.0000000 0.0000000
parentOffset 0.0000000 0.0000000 0.0000000
scale 2.0813378
scale 2.1073891
scale 1.5351097
transform 2.0813378 -0.0000000 0.0000000 0.0000000 0.0000000 2.1073891 0.0000000 0.0000000 0.0000000 0.0000000 1.5351097 0.0000000 56.8177335 3.3817358 0.0000000 1.0000000
newModel 3 18d94e539b0ed30d105e720ebc569399
parentIndex 0
children 8
parentMaterialGroupIndex 0
parentTriangleIndex 0
parentUV 0.0000000 0.0000000
parentContactPosition 0.0000000 0.0000000 0.0000000
parentContactNormal 0.0000000 0.0000000 0.0000000
parentOffset 0.0000000 0.0000000 0.0000000
scale 1.4569349
scale 2.6895458
scale 1.6501120
transform -1.4569349 0.0000000 0.0000000 0.0000000 -0.0000000 -2.6895458 0.0000000 0.0000000 0.0000000 0.0000000 1.6501120 0.0000000 280.5231407 44.2985752 36.5526211 1.0000000
newModel 4 cb70b087e5bc5e9522e46d8e163c0f81
parentIndex 0
children
parentMaterialGroupIndex 0
parentTriangleIndex 0
parentUV 0.0000000 0.0000000
parentContactPosition 0.0000000 0.0000000 0.0000000
parentContactNormal 0.0000000 0.0000000 0.0000000
parentOffset 0.0000000 0.0000000 0.0000000
scale 1.7116483
scale 2.2773256
scale 1.7512078
transform -0.0000000 -2.2773256 0.0000000 0.0000000 1.7116483 -0.0000000 0.0000000 0.0000000 0.0000000 0.0000000 1.7512078 0.0000000 239.8549619 197.5642285 0.0000000 1.0000000
newModel 5 da8e9be00f5af54fb370bce5a5e71544
parentIndex 0
children
parentMaterialGroupIndex 0
parentTriangleIndex 0
parentUV 0.0000000 0.0000000
parentContactPosition 0.0000000 0.0000000 0.0000000
parentContactNormal 0.0000000 0.0000000 0.0000000
parentOffset 0.0000000 0.0000000 0.0000000
scale 2.7416838
scale 2.6228978
scale 2.6946587
transform 2.7416838 -0.0000000 0.0000000 0.0000000 0.0000000 2.6228978 0.0000000 0.0000000 0.0000000 0.0000000 2.6946587 0.0000000 -45.5035481 -83.3258240 0.2480582 1.0000000
newModel 6 699468993d0ab5cb98d5fc0473d00a1c
parentIndex 0
children 9 10
parentMaterialGroupIndex 0
parentTriangleIndex 0
parentUV 0.0000000 0.0000000
parentContactPosition 0.0000000 0.0000000 0.0000000
parentContactNormal 0.0000000 0.0000000 0.0000000
parentOffset 0.0000000 0.0000000 0.0000000
scale 1.2209198
scale 1.3131126
scale 0.2548222
transform -0.0000000 1.3131126 0.0000000 0.0000000 -1.2209198 -0.0000000 0.0000000 0.0000000 0.0000000 0.0000000 0.2548222 0.0000000 198.2664442 135.5860543 0.0000000 1.0000000
newModel 7 49bb44051ac701a38e6dba661026d53a
parentIndex 0
children
parentMaterialGroupIndex 0
parentTriangleIndex 0
parentUV 0.0000000 0.0000000
parentContactPosition 0.0000000 0.0000000 0.0000000
parentContactNormal 0.0000000 0.0000000 0.0000000
parentOffset 0.0000000 0.0000000 0.0000000
scale 0.9876377
scale 1.3294825
scale 1.7444093
transform 0.0000000 1.3294825 0.0000000 0.0000000 -0.9876377 0.0000000 0.0000000 0.0000000 0.0000000 0.0000000 1.7444093 0.0000000 143.9269748 155.0259333 -0.0000000 1.0000000
newModel 8 37a0450d563c75fee6fd37924022d82
parentIndex 3
children
parentMaterialGroupIndex 0
parentTriangleIndex 0
parentUV 0.0000000 0.0000000
parentContactPosition 0.0000000 0.0000000 0.0000000
parentContactNormal 0.0000000 0.0000000 0.0000000
parentOffset 0.0000000 0.0000000 0.0000000
scale 1.0133500
scale 1.0133500
scale 1.0133500
transform 1.0133500 -0.0000000 0.0000000 0.0000000 0.0000000 1.0133500 0.0000000 0.0000000 0.0000000 0.0000000 1.0133500 0.0000000 165.6115023 17.1018258 25.2262864 1.0000000
newModel 9 a4c14d2008146b61bcab7dd7c7b222d8
parentIndex 6
children
parentMaterialGroupIndex 0
parentTriangleIndex 0
parentUV 0.0000000 0.0000000
parentContactPosition 0.0000000 0.0000000 0.0000000
parentContactNormal 0.0000000 0.0000000 0.0000000
parentOffset 0.0000000 0.0000000 0.0000000
scale 0.1168655
scale 0.1935025
scale 0.1349327
transform -0.0000000 0.1935025 0.0000000 0.0000000 -0.1168655 -0.0000000 0.0000000 0.0000000 0.0000000 0.0000000 0.1349327 0.0000000 19.2193422 62.3916257 29.9250486 1.0000000
newModel 10 a238b2f6f5e2cf66c77016426fd9cf48
parentIndex 6
children
parentMaterialGroupIndex 0
parentTriangleIndex 0
parentUV 0.0000000 0.0000000
parentContactPosition 0.0000000 0.0000000 0.0000000
parentContactNormal 0.0000000 0.0000000 0.0000000
parentOffset 0.0000000 0.0000000 0.0000000
scale 0.0603416
scale 0.0473023
scale 0.1577743
transform 0.0603416 -0.0000000 0.0000000 0.0000000 0.0000000 0.0473023 0.0000000 0.0000000 0.0000000 0.0000000 0.1577743 0.0000000 2.5281892 80.8019142 20.6859088 1.0000000
