StanfordSceneDatabase
version 1.0
modelCount 4
newModel 0 room04
parentIndex -1
children 1 2 3
parentMaterialGroupIndex 0
parentTriangleIndex 0
parentUV 0.0000000 0.0000000
parentContactPosition 0.0000000 0.0000000 0.0000000
parentContactNormal 0.0000000 0.0000000 0.0000000
parentOffset 0.0000000 0.0000000 0.0000000
scale 0.8452692
scale 0.9600694
scale 0.6923077
transform 0.0000000 -0.9600694 0.0000000 0.0000000 0.8452692 0.0000000 0.0000000 0.0000000 0.0000000 0.0000000 0.6923077 0.0000000 40.5729231 288.0208333 0.0000000 1.0000000
newModel 1 215f72973cfa2c9a42c2142b4fb342c8
parentIndex 0
children
parentMaterialGroupIndex 0
parentTriangleIndex 0
parentUV 0.0000000 0.0000000
parentContactPosition 0.0000000 0.0000000 0.0000000
parentContactNormal 0.0000000 0.0000000 0.0000000
parentOffset 0.0000000 0.0000000 0.0000000
scale 1.1551100
scale 1.1551100
scale 1.1551100
transform 1.1551100 -0.0000000 0.0000000 0.0000000 0.0000000 1.1551100 0.0000000 0.0000000 0.0000000 0.0000000 1.1551100 0.0000000 90.9584015 130.0243169 6.9306600 1.0000000
newModel 2 a49d69c86f512f5d28783a5eb7743d5f
parentIndex 0
children
parentMaterialGroupIndex 0
parentTriangleIndex 0
parentUV 0.0000000 0.0000000
parentContactPosition 0.0000000 0.0000000 0.0000000
parentContactNormal 0.0000000 0.0000000 0.0000000
parentOffset 0.0000000 0.0000000 0.0000000
scale 2.1854047
scale 2.5109317
scale 1.3682499
transform -2.1854047 0.0000000 0.0000000 0.0000000 -0.0000000 -2.5109317 0.0000000 0.0000000 0.0000000 0.0000000 1.3682499 0.0000000 88.8405789 266.2445662 0.0000000 1.0000000
newModel 3 a49d69c86f512f5d28783a5eb7743d5f
parentIndex 0
children
parentMaterialGroupIndex 0
parentTriangleIndex 0
parentUV 0.0000000 0.0000000
parentContactPosition 0.0000000 0.0000000 0.0000000
parentContactNormal 0.0000000 0.0000000 0.0000000
parentOffset 0.0000000 0.0000000 0.0000000
scale 2.1854047
scale 2.5109317
scale 1.3682499
transform -2.1854047 0.0000000 0.0000000 0.0000000 -0.0000000 -2.5109317 0.0000000 0.0000000 0.0000000 0.0000000 1.3682499 0.0000000 88.8405789 266.2445662 0.0000000 1.0000000
