StanfordSceneDatabase
version 1.0
modelCount 16
newModel 0 room01
parentIndex -1
children 1 2 3 4 5 6 7 8
parentMaterialGroupIndex 0
parentTriangleIndex 0
parentUV 0.0000000 0.0000000
parentContactPosition 0.0000000 0.0000000 0.0000000
parentContactNormal 0.0000000 0.0000000 0.0000000
parentOffset 0.0000000 0.0000000 0.0000000
scale 1.2054244
scale 1.2345679
scale 1.0000000
transform 0.0000000 -1.2345679 0.0000000 0.0000000 1.2054244 0.0000000 0.0000000 0.0000000 0.0000000 0.0000000 1.0000000 0.0000000 3.5409342 299.9228395 0.0000000 1.0000000
newModel 1 f2518339da2a64ea5e87e18e0a88e78f
parentIndex 0
children
parentMaterialGroupIndex 0
parentTriangleIndex 0
parentUV 0.0000000 0.0000000
parentContactPosition 0.0000000 0.0000000 0.0000000
parentContactNormal 0.0000000 0.0000000 0.0000000
parentOffset 0.0000000 0.0000000 0.0000000
scale 0.9972116
scale 0.9306659
scale 1.1623523
transform 0.9972116 -0.0000000 0.0000000 0.0000000 0.0000000 0.9306659 0.0000000 0.0000000 0.0000000 0.0000000 1.1623523 0.0000000 43.7173501 149.7546541 0.0000000 1.0000000
newModel 2 569e2fce2f1ab3be617e9d9aa36a8137
parentIndex 0
children 9 10 11 12
parentMaterialGroupIndex 0
parentTriangleIndex 0
parentUV 0.0000000 0.0000000
parentContactPosition 0.0000000 0.0000000 0.0000000
parentContactNormal 0.0000000 0.0000000 0.0000000
parentOffset 0.0000000 0.0000000 0.0000000
scale 1.4392418
scale 1.2228748
scale 1.5584496
transform 1.4392418 -0.0000000 0.0000000 0.0000000 0.0000000 1.2228748 0.0000000 0.0000000 0.0000000 0.0000000 1.5584496 0.0000000 21.6660821 265.6067117 0.0000000 1.0000000
newModel 3 f56e461f5b1e8c5785a81e0d249341ee
parentIndex 0
children 13
parentMaterialGroupIndex 0
parentTriangleIndex 0
parentUV 0.0000000 0.0000000
parentContactPosition 0.0000000 0.0000000 0.0000000
parentContactNormal 0.0000000 0.0000000 0.0000000
parentOffset 0.0000000 0.0000000 0.0000000
scale 1.3874690
scale 1.2077518
scale 1.5607279
transform 1.3874690 -0.0000000 0.0000000 0.0000000 0.0000000 1.2077518 0.0000000 0.0000000 0.0000000 0.0000000 1.5607279 0.0000000 -20.3141723 -69.3344437 0.0000000 1.0000000
newModel 4 c85e97bef85ed729496eff1a816f248d
parentIndex 0
children
parentMaterialGroupIndex 0
parentTriangleIndex 0
parentUV 0.0000000 0.0000000
parentContactPosition 0.0000000 0.0000000 0.0000000
parentContactNormal 0.0000000 0.0000000 0.0000000
parentOffset 0.0000000 0.0000000 0.0000000
scale 2.7317559
scale 2.7659482
scale 1.6459755
transform -2.7317559 0.0000000 0.0000000 0.0000000 -0.0000000 -2.7659482 0.0000000 0.0000000 0.0000000 0.0000000 1.6459755 0.0000000 257.1228535 294.2959708 -0.1662271 1.0000000
newModel 5 699468993d0ab5cb98d5fc0473d00a1c
parentIndex 0
children 14 15
parentMaterialGroupIndex 0
parentTriangleIndex 0
parentUV 0.0000000 0.0000000
parentContactPosition 0.0000000 0.0000000 0.0000000
parentContactNormal 0.0000000 0.0000000 0.0000000
parentOffset 0.0000000 0.0000000 0.0000000
scale 1.2209198
scale 1.3131126
scale 0.2548222
transform -1.2209198 0.0000000 0.0000000 0.0000000 -0.0000000 -1.3131126 0.0000000 0.0000000 0.0000000 0.0000000 0.2548222 0.0000000 26.4289356 211.9943742 0.0000000 1.0000000
newModel 6 8ed7309372c7b0dd98d5fc0473d00a1c
parentIndex 0
children
parentMaterialGroupIndex 0
parentTriangleIndex 0
parentUV 0.0000000 0.0000000
parentContactPosition 0.0000000 0.0000000 0.0000000
parentContactNormal 0.0000000 0.0000000 0.0000000
parentOffset 0.0000000 0.0000000 0.0000000
scale 0.8908605
scale 2.0437079
scale 1.1189848
transform 0.8908605 -0.0000000 0.0000000 0.0000000 0.0000000 2.0437079 0.0000000 0.0000000 0.0000000 0.0000000 1.1189848 0.0000000 300.0164360 -233.4829588 0.0000000 1.0000000
newModel 7 38b214e6b2122bd46e4dd636980e146a
parentIndex 0
children
parentMaterialGroupIndex 0
parentTriangleIndex 0
parentUV 0.0000000 0.0000000
parentContactPosition 0.0000000 0.0000000 0.0000000
parentContactNormal 0.0000000 0.0000000 0.0000000
parentOffset 0.0000000 0.0000000 0.0000000
scale 1.0062893
scale 2.4806202
scale 1.6144786
transform 1.0062893 -0.0000000 0.0000000 0.0000000 0.0000000 2.4806202 0.0000000 0.0000000 0.0000000 0.0000000 1.6144786 0.0000000 -56.7264327 118.0309230 -3.7809475 1.0000000
newModel 8 e3484284e1f301077d9a3c398c7b4709
parentIndex 0
children
parentMaterialGroupIndex 0
parentTriangleIndex 0
parentUV 0.0000000 0.0000000
parentContactPosition 0.0000000 0.0000000 0.0000000
parentContactNormal 0.0000000 0.0000000 0.0000000
parentOffset 0.0000000 0.0000000 0.0000000
scale 1.6983896
scale 2.2862424
scale 2.0553879
transform 0.0000000 2.2862424 0.0000000 0.0000000 -1.6983896 0.0000000 0.0000000 0.0000000 0.0000000 0.0000000 2.0553879 0.0000000 281.8574493 122.6298797 0.0000000 1.0000000
newModel 9 e101cc44ead036294bc79c881a0e818b
parentIndex 2
children
parentMaterialGroupIndex 0
parentTriangleIndex 0
parentUV 0.0000000 0.0000000
parentContactPosition 0.0000000 0.0000000 0.0000000
parentContactNormal 0.0000000 0.0000000 0.0000000
parentOffset 0.0000000 0.0000000 0.0000000
scale 1.8979800
scale 1.8979800
scale 1.8979800
transform -1.8979800 0.0000000 0.0000000 0.0000000 -0.0000000 -1.8979800 0.0000000 0.0000000 0.0000000 0.0000000 1.8979800 0.0000000 84.6708850 278.1219225 47.0071525 1.0000000
newModel 10 e101cc44ead036294bc79c881a0e818b
parentIndex 2
children
parentMaterialGroupIndex 0
parentTriangleIndex 0
parentUV 0.0000000 0.0000000
parentContactPosition 0.0000000 0.0000000 0.0000000
parentContactNormal 0.0000000 0.0000000 0.0000000
parentOffset 0.0000000 0.0000000 0.0000000
scale 1.8979800
scale 1.8979800
scale 1.8979800
transform -1.8979800 0.0000000 0.0000000 0.0000000 -0.0000000 -1.8979800 0.0000000 0.0000000 0.0000000 0.0000000 1.8979800 0.0000000 78.7008312 272.5146390 47.0071525 1.0000000
newModel 11 e101cc44ead036294bc79c881a0e818b
parentIndex 2
children
parentMaterialGroupIndex 0
parentTriangleIndex 0
parentUV 0.0000000 0.0000000
parentContactPosition 0.0000000 0.0000000 0.0000000
parentContactNormal 0.0000000 0.0000000 0.0000000
parentOffset 0.0000000 0.0000000 0.0000000
scale 1.8979800
scale 1.8979800
scale 1.8979800
transform -1.8979800 0.0000000 0.0000000 0.0000000 -0.0000000 -1.8979800 0.0000000 0.0000000 0.0000000 0.0000000 1.8979800 0.0000000 58.4970702 279.0631650 47.0071525 1.0000000
newModel 12 da0f6b3a375a7e77e963c7e7c24b8dcd
parentIndex 2
children
parentMaterialGroupIndex 0
parentTriangleIndex 0
parentUV 0.0000000 0.0000000
parentContactPosition 0.0000000 0.0000000 0.0000000
parentContactNormal 0.0000000 0.0000000 0.0000000
parentOffset 0.0000000 0.0000000 0.0000000
scale 1.7166896
scale 2.6791588
scale 2.2190284
transform 1.7166896 -0.0000000 0.0000000 0.0000000 0.0000000 2.6791588 0.0000000 0.0000000 0.0000000 0.0000000 2.2190284 0.0000000 -20.4622799 239.8325259 47.7991571 1.0000000
newModel 13 6a85470c071da91a73c24ae76518fe62
parentIndex 3
children
parentMaterialGroupIndex 0
parentTriangleIndex 0
parentUV 0.0000000 0.0000000
parentContactPosition 0.0000000 0.0000000 0.0000000
parentContactNormal 0.0000000 0.0000000 0.0000000
parentOffset 0.0000000 0.0000000 0.0000000
scale 1.5213937
scale 1.8793319
scale 1.5223489
transform -1.5213937 0.0000000 0.0000000 0.0000000 -0.0000000 -1.8793319 0.0000000 0.0000000 0.0000000 0.0000000 1.5223489 0.0000000 147.8730774 93.8652425 4.0945908 1.0000000
newModel 14 a4c14d2008146b61bcab7dd7c7b222d8
parentIndex 5
children
parentMaterialGroupIndex 0
parentTriangleIndex 0
parentUV 0.0000000 0.0000000
parentContactPosition 0.0000000 0.0000000 0.0000000
parentContactNormal 0.0000000 0.0000000 0.0000000
parentOffset 0.0000000 0.0000000 0.0000000
scale 0.1168655
scale 0.1935025
scale 0.1349327
transform -0.1168655 0.0000000 0.0000000 0.0000000 -0.0000000 -0.1935025 0.0000000 0.0000000 0.0000000 0.0000000 0.1349327 0.0000000 63.9112745 18.7314891 29.9250486 1.0000000
newModel 15 4fc472642d8831d32b47ff0229e1155a
parentIndex 5
children
parentMaterialGroupIndex 0
parentTriangleIndex 0
parentUV 0.0000000 0.0000000
parentContactPosition 0.0000000 0.0000000 0.0000000
parentContactNormal 0.0000000 0.0000000 0.0000000
parentOffset 0.0000000 0.0000000 0.0000000
scale 4.1671572
scale 4.0131906
scale 5.7615755
transform 4.1671572 -0.0000000 0.0000000 0.0000000 0.0000000 4.0131906 0.0000000 0.0000000 0.0000000 0.0000000 5.7615755 0.0000000 54.3251207 -10.5785282 20.0647500 1.0000000
