StanfordSceneDatabase
version 1.0
modelCount 10
newModel 0 room02
parentIndex -1
children 1 2 3 4
parentMaterialGroupIndex 0
parentTriangleIndex 0
parentUV 0.0000000 0.0000000
parentContactPosition 0.0000000 0.0000000 0.0000000
parentContactNormal 0.0000000 0.0000000 0.0000000
parentOffset 0.0000000 0.0000000 0.0000000
scale 1.0655515
scale 1.1308793
scale 1.0000000
transform 0.0000000 -1.1308793 0.0000000 0.0000000 1.0655515 0.0000000 0.0000000 0.0000000 0.0000000 0.0000000 1.0000000 0.0000000 1.5983273 278.1963190 0.0000000 1.0000000
newModel 1 f2518339da2a64ea5e87e18e0a88e78f
parentIndex 0
children
parentMaterialGroupIndex 0
parentTriangleIndex 0
parentUV 0.0000000 0.0000000
parentContactPosition 0.0000000 0.0000000 0.0000000
parentContactNormal 0.0000000 0.0000000 0.0000000
parentOffset 0.0000000 0.0000000 0.0000000
scale 0.9972116
scale 0.9306659
scale 1.1623523
transform -0.9972116 0.0000000 0.0000000 0.0000000 -0.0000000 -0.9306659 0.0000000 0.0000000 0.0000000 0.0000000 1.1623523 0.0000000 248.1455462 148.1309447 0.0000000 1.0000000
newModel 2 569e2fce2f1ab3be617e9d9aa36a8137
parentIndex 0
children 5 6 7 8
parentMaterialGroupIndex 0
parentTriangleIndex 0
parentUV 0.0000000 0.0000000
parentContactPosition 0.0000000 0.0000000 0.0000000
parentContactNormal 0.0000000 0.0000000 0.0000000
parentOffset 0.0000000 0.0000000 0.0000000
scale 1.4392418
scale 1.2228748
scale 1.5584496
transform -0.0000000 1.2228748 0.0000000 0.0000000 -1.4392418 -0.0000000 0.0000000 0.0000000 0.0000000 0.0000000 1.5584496 0.0000000 37.3545722 86.5985600 0.0000000 1.0000000
newModel 3 699468993d0ab5cb98d5fc0473d00a1c
parentIndex 0
children 9
parentMaterialGroupIndex 0
parentTriangleIndex 0
parentUV 0.0000000 0.0000000
parentContactPosition 0.0000000 0.0000000 0.0000000
parentContactNormal 0.0000000 0.0000000 0.0000000
parentOffset 0.0000000 0.0000000 0.0000000
scale 1.2209198
scale 1.3131126
scale 0.2548222
transform -1.2209198 0.0000000 0.0000000 0.0000000 -0.0000000 -1.3131126 0.0000000 0.0000000 0.0000000 0.0000000 0.2548222 0.0000000 196.2911406 215.5641832 0.0000000 1.0000000
newModel 4 8ed7309372c7b0dd98d5fc0473d00a1c
parentIndex 0
children
parentMaterialGroupIndex 0
parentTriangleIndex 0
parentUV 0.0000000 0.0000000
parentContactPosition 0.0000000 0.0000000 0.0000000
parentContactNormal 0.0000000 0.0000000 0.0000000
parentOffset 0.0000000 0.0000000 0.0000000
scale 0.8908605
scale 2.0437079
scale 1.1189848
transform 0.8908605 -0.0000000 0.0000000 0.0000000 0.0000000 2.0437079 0.0000000 0.0000000 0.0000000 0.0000000 1.1189848 0.0000000 216.2142677 -31.3600951 0.0000000 1.0000000
newModel 5 da0f6b3a375a7e77e963c7e7c24b8dcd
parentIndex 2
children
parentMaterialGroupIndex 0
parentTriangleIndex 0
parentUV 0.0000000 0.0000000
parentContactPosition 0.0000000 0.0000000 0.0000000
parentContactNormal 0.0000000 0.0000000 0.0000000
parentOffset 0.0000000 0.0000000 0.0000000
scale 2.3946557
scale 2.0305102
scale 2.2190284
transform -0.0000000 2.0305102 0.0000000 0.0000000 -2.3946557 -0.0000000 0.0000000 0.0000000 0.0000000 0.0000000 2.2190284 0.0000000 55.3932373 53.8668880 47.7991571 1.0000000
newModel 6 74221bae887b0e801ab89e10ca4a3aec
parentIndex 2
children
parentMaterialGroupIndex 0
parentTriangleIndex 0
parentUV 0.0000000 0.0000000
parentContactPosition 0.0000000 0.0000000 0.0000000
parentContactNormal 0.0000000 0.0000000 0.0000000
parentOffset 0.0000000 0.0000000 0.0000000
scale 0.0467666
scale 0.0444867
scale 0.0704958
transform 0.0000000 -0.0444867 0.0000000 0.0000000 0.0467666 0.0000000 0.0000000 0.0000000 0.0000000 0.0000000 0.0704958 0.0000000 21.1584982 105.2156504 47.2444000 1.0000000
newModel 7 fa44223c6f785c60e71da2487cb2ee5b
parentIndex 2
children
parentMaterialGroupIndex 0
parentTriangleIndex 0
parentUV 0.0000000 0.0000000
parentContactPosition 0.0000000 0.0000000 0.0000000
parentContactNormal 0.0000000 0.0000000 0.0000000
parentOffset 0.0000000 0.0000000 0.0000000
scale 1.6621415
scale 1.5807848
scale 1.4496898
transform 0.0000000 -1.5807848 0.0000000 0.0000000 1.6621415 0.0000000 0.0000000 0.0000000 0.0000000 0.0000000 1.4496898 0.0000000 20.3273384 95.6889692 47.3564117 1.0000000
newModel 8 5e67380e99a257814e5292217a77cd7
parentIndex 2
children
parentMaterialGroupIndex 0
parentTriangleIndex 0
parentUV 0.0000000 0.0000000
parentContactPosition 0.0000000 0.0000000 0.0000000
parentContactNormal 0.0000000 0.0000000 0.0000000
parentOffset 0.0000000 0.0000000 0.0000000
scale 0.0195567
scale 0.0185995
scale 0.0330870
transform 0.0000000 -0.0185995 0.0000000 0.0000000 0.0195567 0.0000000 0.0000000 0.0000000 0.0000000 0.0000000 0.0330870 0.0000000 24.4449339 104.8379294 47.2960435 1.0000000
newModel 9 a4c14d2008146b61bcab7dd7c7b222d8
parentIndex 3
children
parentMaterialGroupIndex 0
parentTriangleIndex 0
parentUV 0.0000000 0.0000000
parentContactPosition 0.0000000 0.0000000 0.0000000
parentContactNormal 0.0000000 0.0000000 0.0000000
parentOffset 0.0000000 0.0000000 0.0000000
scale 0.1168655
scale 0.1935025
scale 0.1349327
transform -0.1168655 0.0000000 0.0000000 0.0000000 -0.0000000 -0.1935025 0.0000000 0.0000000 0.0000000 0.0000000 0.1349327 0.0000000 251.9627001 25.8160962 29.9250486 1.0000000
