StanfordSceneDatabase
version 1.0
modelCount 8
newModel 0 room02
parentIndex -1
children 1 2 3 4
parentMaterialGroupIndex 0
parentTriangleIndex 0
parentUV 0.0000000 0.0000000
parentContactPosition 0.0000000 0.0000000 0.0000000
parentContactNormal 0.0000000 0.0000000 0.0000000
parentOffset 0.0000000 0.0000000 0.0000000
scale 1.2121212
scale 1.1042945
scale 1.0000000
transform 0.0000000 -1.2121212 0.0000000 0.0000000 1.1042945 0.0000000 0.0000000 0.0000000 0.0000000 0.0000000 1.0000000 0.0000000 15.0000000 300.0000000 0.0000000 1.0000000
newModel 1 30f435dd6d37fbdec4b73036ef32ebc6
parentIndex 0
children 5 6 7
parentMaterialGroupIndex 0
parentTriangleIndex 0
parentUV 0.0000000 0.0000000
parentContactPosition 0.0000000 0.0000000 0.0000000
parentContactNormal 0.0000000 0.0000000 0.0000000
parentOffset 0.0000000 0.0000000 0.0000000
scale 3.9190319
scale 0.7264501
scale 1.6873000
transform -0.0000000 -3.9190319 0.0000000 0.0000000 0.7264501 -0.0000000 0.0000000 0.0000000 0.0000000 0.0000000 1.6873000 0.0000000 123.4854949 91.6334106 12.7414364 1.0000000
newModel 2 215f72973cfa2c9a42c2142b4fb342c8
parentIndex 0
children
parentMaterialGroupIndex 0
parentTriangleIndex 0
parentUV 0.0000000 0.0000000
parentContactPosition 0.0000000 0.0000000 0.0000000
parentContactNormal 0.0000000 0.0000000 0.0000000
parentOffset 0.0000000 0.0000000 0.0000000
scale 1.1551100
scale 1.1551100
scale 1.1551100
transform 1.1551100 -0.0000000 0.0000000 0.0000000 0.0000000 1.1551100 0.0000000 0.0000000 0.0000000 0.0000000 1.1551100 0.0000000 9.3454536 62.7591089 8.8018838 1.0000000
newModel 3 d3f40d8130f6246da260daaa52a3acd8
parentIndex 0
children
parentMaterialGroupIndex 0
parentTriangleIndex 0
parentUV 0.0000000 0.0000000
parentContactPosition 0.0000000 0.0000000 0.0000000
parentContactNormal 0.0000000 0.0000000 0.0000000
parentOffset 0.0000000 0.0000000 0.0000000
scale 1.4638290
scale 0.2897152
scale 1.3244131
transform 1.4638290 -0.0000000 0.0000000 0.0000000 0.0000000 0.2897152 0.0000000 0.0000000 0.0000000 0.0000000 1.3244131 0.0000000 64.5509588 294.5437550 69.0357724 1.0000000
newModel 4 c4cb5bcb1a9399ae504721639e19f609
parentIndex 0
children
parentMaterialGroupIndex 0
parentTriangleIndex 0
parentUV 0.0000000 0.0000000
parentContactPosition 0.0000000 0.0000000 0.0000000
parentContactNormal 0.0000000 0.0000000 0.0000000
parentOffset 0.0000000 0.0000000 0.0000000
scale 2.6247867
scale 5.4100942
scale 4.0432724
transform 2.6247867 -0.0000000 0.0000000 0.0000000 0.0000000 5.4100942 0.0000000 0.0000000 0.0000000 0.0000000 4.0432724 0.0000000 131.4764360 151.7887629 2.1926568 1.0000000
newModel 5 ce798635ececbffd5ac3a75efa13522c
parentIndex 1
children
parentMaterialGroupIndex 0
parentTriangleIndex 0
parentUV 0.0000000 0.0000000
parentContactPosition 0.0000000 0.0000000 0.0000000
parentContactNormal 0.0000000 0.0000000 0.0000000
parentOffset 0.0000000 0.0000000 0.0000000
scale 1.2573176
scale 1.2573159
scale 1.5991602
transform 0.0000000 1.2573176 0.0000000 0.0000000 -1.2573159 0.0000000 0.0000000 0.0000000 0.0000000 0.0000000 1.5991602 0.0000000 162.3242560 1.9973053 59.9858364 1.0000000
newModel 6 3ec8e454858a6aed2513f3510eefb345
parentIndex 1
children
parentMaterialGroupIndex 0
parentTriangleIndex 0
parentUV 0.0000000 0.0000000
parentContactPosition 0.0000000 0.0000000 0.0000000
parentContactNormal 0.0000000 0.0000000 0.0000000
parentOffset 0.0000000 0.0000000 0.0000000
scale 4.2822856
scale 2.1031174
scale 10.2010175
transform 0.0000000 4.2822856 0.0000000 0.0000000 -2.1031174 0.0000000 0.0000000 0.0000000 0.0000000 0.0000000 10.2010175 0.0000000 173.1534284 -43.0382913 61.6253949 1.0000000
newModel 7 225d37286bed9bb9dbf53b03c847b004
parentIndex 1
children
parentMaterialGroupIndex 0
parentTriangleIndex 0
parentUV 0.0000000 0.0000000
parentContactPosition 0.0000000 0.0000000 0.0000000
parentContactNormal 0.0000000 0.0000000 0.0000000
parentOffset 0.0000000 0.0000000 0.0000000
scale 1.2621800
scale 1.1589903
scale 1.5120907
transform 1.2621800 -0.0000000 0.0000000 0.0000000 0.0000000 1.1589903 0.0000000 0.0000000 0.0000000 0.0000000 1.5120907 0.0000000 9.7636433 19.3198804 14.7421176 1.0000000
