StanfordSceneDatabase
version 1.0
modelCount 6
newModel 0 room02
parentIndex -1
children 1 2 3 4
parentMaterialGroupIndex 0
parentTriangleIndex 0
parentUV 0.0000000 0.0000000
parentContactPosition 0.0000000 0.0000000 0.0000000
parentContactNormal 0.0000000 0.0000000 0.0000000
parentOffset 0.0000000 0.0000000 0.0000000
scale 1.0655515
scale 1.1308793
scale 1.0000000
transform 0.0000000 -1.1308793 0.0000000 0.0000000 1.0655515 0.0000000 0.0000000 0.0000000 0.0000000 0.0000000 1.0000000 0.0000000 1.5983273 278.1963190 0.0000000 1.0000000
newModel 1 c0b76f006237ccd3e0e89fd83955713c
parentIndex 0
children
parentMaterialGroupIndex 0
parentTriangleIndex 0
parentUV 0.0000000 0.0000000
parentContactPosition 0.0000000 0.0000000 0.0000000
parentContactNormal 0.0000000 0.0000000 0.0000000
parentOffset 0.0000000 0.0000000 0.0000000
scale 2.3810731
scale 1.6375693
scale 1.6419954
transform -2.3810731 0.0000000 0.0000000 0.0000000 -0.0000000 -1.6375693 0.0000000 0.0000000 0.0000000 0.0000000 1.6419954 0.0000000 1522.9154301 234.9100869 -0.0000000 1.0000000
newModel 2 3d3b4b8874f2aaddc397356311cbeea4
parentIndex 0
children
parentMaterialGroupIndex 0
parentTriangleIndex 0
parentUV 0.0000000 0.0000000
parentContactPosition 0.0000000 0.0000000 0.0000000
parentContactNormal 0.0000000 0.0000000 0.0000000
parentOffset 0.0000000 0.0000000 0.0000000
scale 2.2203700
scale 2.2203700
scale 2.2203700
transform 2.2203700 -0.0000000 0.0000000 0.0000000 0.0000000 2.2203700 0.0000000 0.0000000 0.0000000 0.0000000 2.2203700 0.0000000 69.6693030 217.1407406 -0.0000000 1.0000000
newModel 3 da8e9be00f5af54fb370bce5a5e71544
parentIndex 0
children
parentMaterialGroupIndex 0
parentTriangleIndex 0
parentUV 0.0000000 0.0000000
parentContactPosition 0.0000000 0.0000000 0.0000000
parentContactNormal 0.0000000 0.0000000 0.0000000
parentOffset 0.0000000 0.0000000 0.0000000
scale 2.7416838
scale 2.6228978
scale 2.6946587
transform 0.0000000 2.6228978 0.0000000 0.0000000 -2.7416838 0.0000000 0.0000000 0.0000000 0.0000000 0.0000000 2.6946587 0.0000000 342.7472030 26.4849125 0.2480582 1.0000000
newModel 4 699468993d0ab5cb98d5fc0473d00a1c
parentIndex 0
children 5
parentMaterialGroupIndex 0
parentTriangleIndex 0
parentUV 0.0000000 0.0000000
parentContactPosition 0.0000000 0.0000000 0.0000000
parentContactNormal 0.0000000 0.0000000 0.0000000
parentOffset 0.0000000 0.0000000 0.0000000
scale 1.2209198
scale 1.3131126
scale 0.2548222
transform -1.2209198 0.0000000 0.0000000 0.0000000 -0.0000000 -1.3131126 0.0000000 0.0000000 0.0000000 0.0000000 0.2548222 0.0000000 115.6135688 215.2274447 0.0000000 1.0000000
newModel 5 a4c14d2008146b61bcab7dd7c7b222d8
parentIndex 4
children
parentMaterialGroupIndex 0
parentTriangleIndex 0
parentUV 0.0000000 0.0000000
parentContactPosition 0.0000000 0.0000000 0.0000000
parentContactNormal 0.0000000 0.0000000 0.0000000
parentOffset 0.0000000 0.0000000 0.0000000
scale 0.1168655
scale 0.1935025
scale 0.1349327
transform -0.1168655 0.0000000 0.0000000 0.0000000 -0.0000000 -0.1935025 0.0000000 0.0000000 0.0000000 0.0000000 0.1349327 0.0000000 153.0959077 21.9645596 29.9250486 1.0000000
