StanfordSceneDatabase
version 1.0
modelCount 16
newModel 0 room02
parentIndex -1
children 1 2 3 4 5 6 7 8
parentMaterialGroupIndex 0
parentTriangleIndex 0
parentUV 0.0000000 0.0000000
parentContactPosition 0.0000000 0.0000000 0.0000000
parentContactNormal 0.0000000 0.0000000 0.0000000
parentOffset 0.0000000 0.0000000 0.0000000
scale 1.2121212
scale 1.2269939
scale 1.0000000
transform 0.0000000 -1.2121212 0.0000000 0.0000000 1.2269939 0.0000000 0.0000000 0.0000000 0.0000000 0.0000000 1.0000000 0.0000000 0.0000000 300.0000000 0.0000000 1.0000000
newModel 1 f2518339da2a64ea5e87e18e0a88e78f
parentIndex 0
children
parentMaterialGroupIndex 0
parentTriangleIndex 0
parentUV 0.0000000 0.0000000
parentContactPosition 0.0000000 0.0000000 0.0000000
parentContactNormal 0.0000000 0.0000000 0.0000000
parentOffset 0.0000000 0.0000000 0.0000000
scale 0.9972116
scale 0.9306659
scale 1.1623523
transform 0.9972116 -0.0000000 0.0000000 0.0000000 0.0000000 0.9306659 0.0000000 0.0000000 0.0000000 0.0000000 1.1623523 0.0000000 -11.8712718 87.3178828 0.0000000 1.0000000
newModel 2 f56e461f5b1e8c5785a81e0d249341ee
parentIndex 0
children 10
parentMaterialGroupIndex 0
parentTriangleIndex 0
parentUV 0.0000000 0.0000000
parentContactPosition 0.0000000 0.0000000 0.0000000
parentContactNormal 0.0000000 0.0000000 0.0000000
parentOffset 0.0000000 0.0000000 0.0000000
scale 1.3874690
scale 1.2077518
scale 1.5607279
transform 1.3874690 -0.0000000 0.0000000 0.0000000 0.0000000 1.2077518 0.0000000 0.0000000 0.0000000 0.0000000 1.5607279 0.0000000 -20.3141723 -69.3344437 0.0000000 1.0000000
newModel 3 8ed7309372c7b0dd98d5fc0473d00a1c
parentIndex 0
children
parentMaterialGroupIndex 0
parentTriangleIndex 0
parentUV 0.0000000 0.0000000
parentContactPosition 0.0000000 0.0000000 0.0000000
parentContactNormal 0.0000000 0.0000000 0.0000000
parentOffset 0.0000000 0.0000000 0.0000000
scale 0.8908605
scale 2.0437079
scale 1.1189848
transform 0.8908605 -0.0000000 0.0000000 0.0000000 0.0000000 2.0437079 0.0000000 0.0000000 0.0000000 0.0000000 1.1189848 0.0000000 278.9685802 -4.0374071 0.0000000 1.0000000
newModel 4 569e2fce2f1ab3be617e9d9aa36a8137
parentIndex 0
children 9 13 14 15
parentMaterialGroupIndex 0
parentTriangleIndex 0
parentUV 0.0000000 0.0000000
parentContactPosition 0.0000000 0.0000000 0.0000000
parentContactNormal 0.0000000 0.0000000 0.0000000
parentOffset 0.0000000 0.0000000 0.0000000
scale 1.4392418
scale 1.2228748
scale 1.5584496
transform -1.4392418 0.0000000 0.0000000 0.0000000 -0.0000000 -1.2228748 0.0000000 0.0000000 0.0000000 0.0000000 1.5584496 0.0000000 73.9316659 31.6214099 0.0000000 1.0000000
newModel 5 c85e97bef85ed729496eff1a816f248d
parentIndex 0
children
parentMaterialGroupIndex 0
parentTriangleIndex 0
parentUV 0.0000000 0.0000000
parentContactPosition 0.0000000 0.0000000 0.0000000
parentContactNormal 0.0000000 0.0000000 0.0000000
parentOffset 0.0000000 0.0000000 0.0000000
scale 2.7317559
scale 2.7659482
scale 1.6459755
transform 2.7317559 -0.0000000 0.0000000 0.0000000 0.0000000 2.7659482 0.0000000 0.0000000 0.0000000 0.0000000 1.6459755 0.0000000 195.8991853 -5.1925842 -0.1662271 1.0000000
newModel 6 38b214e6b2122bd46e4dd636980e146a
parentIndex 0
children
parentMaterialGroupIndex 0
parentTriangleIndex 0
parentUV 0.0000000 0.0000000
parentContactPosition 0.0000000 0.0000000 0.0000000
parentContactNormal 0.0000000 0.0000000 0.0000000
parentOffset 0.0000000 0.0000000 0.0000000
scale 1.0062893
scale 2.4806202
scale 1.6144786
transform 0.0000000 1.0062893 0.0000000 0.0000000 -2.4806202 0.0000000 0.0000000 0.0000000 0.0000000 0.0000000 1.6144786 0.0000000 150.9633707 -5.7601354 -3.7809475 1.0000000
newModel 7 699468993d0ab5cb98d5fc0473d00a1c
parentIndex 0
children 11 12
parentMaterialGroupIndex 0
parentTriangleIndex 0
parentUV 0.0000000 0.0000000
parentContactPosition 0.0000000 0.0000000 0.0000000
parentContactNormal 0.0000000 0.0000000 0.0000000
parentOffset 0.0000000 0.0000000 0.0000000
scale 1.2209198
scale 1.3131126
scale 0.2548222
transform -0.0000000 -1.2209198 0.0000000 0.0000000 1.3131126 -0.0000000 0.0000000 0.0000000 0.0000000 0.0000000 0.2548222 0.0000000 -34.9355111 152.2848391 0.0000000 1.0000000
newModel 8 e3484284e1f301077d9a3c398c7b4709
parentIndex 0
children
parentMaterialGroupIndex 0
parentTriangleIndex 0
parentUV 0.0000000 0.0000000
parentContactPosition 0.0000000 0.0000000 0.0000000
parentContactNormal 0.0000000 0.0000000 0.0000000
parentOffset 0.0000000 0.0000000 0.0000000
scale 1.6983896
scale 2.2862424
scale 2.0553879
transform -1.6983896 0.0000000 0.0000000 0.0000000 -0.0000000 -2.2862424 0.0000000 0.0000000 0.0000000 0.0000000 2.0553879 0.0000000 234.6231829 224.1240838 0.0000000 1.0000000
newModel 9 da0f6b3a375a7e77e963c7e7c24b8dcd
parentIndex 4
children
parentMaterialGroupIndex 0
parentTriangleIndex 0
parentUV 0.0000000 0.0000000
parentContactPosition 0.0000000 0.0000000 0.0000000
parentContactNormal 0.0000000 0.0000000 0.0000000
parentOffset 0.0000000 0.0000000 0.0000000
scale 1.7166896
scale 2.6791588
scale 2.2190284
transform -1.7166896 0.0000000 0.0000000 0.0000000 -0.0000000 -2.6791588 0.0000000 0.0000000 0.0000000 0.0000000 2.2190284 0.0000000 92.1883323 60.6815009 47.7991571 1.0000000
newModel 10 6a85470c071da91a73c24ae76518fe62
parentIndex 2
children
parentMaterialGroupIndex 0
parentTriangleIndex 0
parentUV 0.0000000 0.0000000
parentContactPosition 0.0000000 0.0000000 0.0000000
parentContactNormal 0.0000000 0.0000000 0.0000000
parentOffset 0.0000000 0.0000000 0.0000000
scale 1.5213937
scale 1.8793319
scale 1.5223489
transform -1.5213937 0.0000000 0.0000000 0.0000000 -0.0000000 -1.8793319 0.0000000 0.0000000 0.0000000 0.0000000 1.5223489 0.0000000 155.3603543 91.7472705 4.0945908 1.0000000
newModel 11 a4c14d2008146b61bcab7dd7c7b222d8
parentIndex 7
children
parentMaterialGroupIndex 0
parentTriangleIndex 0
parentUV 0.0000000 0.0000000
parentContactPosition 0.0000000 0.0000000 0.0000000
parentContactNormal 0.0000000 0.0000000 0.0000000
parentOffset 0.0000000 0.0000000 0.0000000
scale 0.1168655
scale 0.1935025
scale 0.1349327
transform -0.0000000 -0.1168655 0.0000000 0.0000000 0.1935025 -0.0000000 0.0000000 0.0000000 0.0000000 0.0000000 0.1349327 0.0000000 156.4343582 188.8392735 29.9250486 1.0000000
newModel 12 4fc472642d8831d32b47ff0229e1155a
parentIndex 7
children
parentMaterialGroupIndex 0
parentTriangleIndex 0
parentUV 0.0000000 0.0000000
parentContactPosition 0.0000000 0.0000000 0.0000000
parentContactNormal 0.0000000 0.0000000 0.0000000
parentOffset 0.0000000 0.0000000 0.0000000
scale 4.1671572
scale 4.0131906
scale 5.7615755
transform 0.0000000 4.1671572 0.0000000 0.0000000 -4.0131906 0.0000000 0.0000000 0.0000000 0.0000000 0.0000000 5.7615755 0.0000000 182.8920014 164.6028852 20.0647500 1.0000000
newModel 13 e101cc44ead036294bc79c881a0e818b
parentIndex 4
children
parentMaterialGroupIndex 0
parentTriangleIndex 0
parentUV 0.0000000 0.0000000
parentContactPosition 0.0000000 0.0000000 0.0000000
parentContactNormal 0.0000000 0.0000000 0.0000000
parentOffset 0.0000000 0.0000000 0.0000000
scale 1.8979800
scale 1.8979800
scale 1.8979800
transform 0.0000000 -1.8979800 0.0000000 0.0000000 1.8979800 0.0000000 0.0000000 0.0000000 0.0000000 0.0000000 1.8979800 0.0000000 5.5022143 22.1560707 47.0071525 1.0000000
newModel 14 e101cc44ead036294bc79c881a0e818b
parentIndex 4
children
parentMaterialGroupIndex 0
parentTriangleIndex 0
parentUV 0.0000000 0.0000000
parentContactPosition 0.0000000 0.0000000 0.0000000
parentContactNormal 0.0000000 0.0000000 0.0000000
parentOffset 0.0000000 0.0000000 0.0000000
scale 1.8979800
scale 1.8979800
scale 1.8979800
transform 1.8979800 -0.0000000 0.0000000 0.0000000 0.0000000 1.8979800 0.0000000 0.0000000 0.0000000 0.0000000 1.8979800 0.0000000 72.9074643 16.3536358 47.0071525 1.0000000
newModel 15 e101cc44ead036294bc79c881a0e818b
parentIndex 4
children
parentMaterialGroupIndex 0
parentTriangleIndex 0
parentUV 0.0000000 0.0000000
parentContactPosition 0.0000000 0.0000000 0.0000000
parentContactNormal 0.0000000 0.0000000 0.0000000
parentOffset 0.0000000 0.0000000 0.0000000
scale 1.8979800
scale 1.8979800
scale 1.8979800
transform 0.0000000 -1.8979800 0.0000000 0.0000000 1.8979800 0.0000000 0.0000000 0.0000000 0.0000000 0.0000000 1.8979800 0.0000000 10.3792424 23.7687832 47.0071525 1.0000000
