StanfordSceneDatabase
version 1.0
modelCount 6
newModel 0 room04
parentIndex -1
children 1 2 3
parentMaterialGroupIndex 0
parentTriangleIndex 0
parentUV 0.0000000 0.0000000
parentContactPosition 0.0000000 0.0000000 0.0000000
parentContactNormal 0.0000000 0.0000000 0.0000000
parentOffset 0.0000000 0.0000000 0.0000000
scale 0.8452692
scale 0.9600694
scale 0.6923077
transform 0.0000000 -0.9600694 0.0000000 0.0000000 0.8452692 0.0000000 0.0000000 0.0000000 0.0000000 0.0000000 0.6923077 0.0000000 40.5729231 288.0208333 0.0000000 1.0000000
newModel 1 215f72973cfa2c9a42c2142b4fb342c8
parentIndex 0
children
parentMaterialGroupIndex 0
parentTriangleIndex 0
parentUV 0.0000000 0.0000000
parentContactPosition 0.0000000 0.0000000 0.0000000
parentContactNormal 0.0000000 0.0000000 0.0000000
parentOffset 0.0000000 0.0000000 0.0000000
scale 1.1551100
scale 1.1551100
scale 1.1551100
transform 0.8746755 -0.7544680 0.0000000 0.0000000 0.7544680 0.8746755 0.0000000 0.0000000 0.0000000 0.0000000 1.1551100 0.0000000 42.9054852 80.7649966 6.9306600 1.0000000
newModel 2 a49d69c86f512f5d28783a5eb7743d5f
parentIndex 0
children 4
parentMaterialGroupIndex 0
parentTriangleIndex 0
parentUV 0.0000000 0.0000000
parentContactPosition 0.0000000 0.0000000 0.0000000
parentContactNormal 0.0000000 0.0000000 0.0000000
parentOffset 0.0000000 0.0000000 0.0000000
scale 2.1854047
scale 2.5109317
scale 1.3682499
transform -1.6073926 1.7011842 0.0000000 0.0000000 -1.4806360 -1.8468217 0.0000000 0.0000000 0.0000000 0.0000000 1.3682499 0.0000000 198.1290539 185.6266688 0.0000000 1.0000000
newModel 3 a49d69c86f512f5d28783a5eb7743d5f
parentIndex 0
children 5
parentMaterialGroupIndex 0
parentTriangleIndex 0
parentUV 0.0000000 0.0000000
parentContactPosition 0.0000000 0.0000000 0.0000000
parentContactNormal 0.0000000 0.0000000 0.0000000
parentOffset 0.0000000 0.0000000 0.0000000
scale 2.1854047
scale 2.5109317
scale 1.3682499
transform 2.0327918 0.9218540 0.0000000 0.0000000 -0.8023412 2.3355863 0.0000000 0.0000000 0.0000000 0.0000000 1.3682499 0.0000000 37.5871410 144.8248087 0.0000000 1.0000000
newModel 4 37a0450d563c75fee6fd37924022d82
parentIndex 2
children
parentMaterialGroupIndex 0
parentTriangleIndex 0
parentUV 0.0000000 0.0000000
parentContactPosition 0.0000000 0.0000000 0.0000000
parentContactNormal 0.0000000 0.0000000 0.0000000
parentOffset 0.0000000 0.0000000 0.0000000
scale 1.0133500
scale 1.0133500
scale 1.0133500
transform -0.7759004 0.6518104 0.0000000 0.0000000 -0.6518104 -0.7759004 0.0000000 0.0000000 0.0000000 0.0000000 1.0133500 0.0000000 237.3777272 137.0921096 25.2262864 1.0000000
newModel 5 37a0450d563c75fee6fd37924022d82
parentIndex 3
children
parentMaterialGroupIndex 0
parentTriangleIndex 0
parentUV 0.0000000 0.0000000
parentContactPosition 0.0000000 0.0000000 0.0000000
parentContactNormal 0.0000000 0.0000000 0.0000000
parentOffset 0.0000000 0.0000000 0.0000000
scale 1.0133500
scale 1.0133500
scale 1.0133500
transform 0.6468177 0.7800673 0.0000000 0.0000000 -0.7800673 0.6468177 0.0000000 0.0000000 0.0000000 0.0000000 1.0133500 0.0000000 -2.6740806 89.1486459 25.2262864 1.0000000
