StanfordSceneDatabase
version 1.0
modelCount 10
newModel 0 room01
parentIndex -1
children 1 2 3 4 6
parentMaterialGroupIndex 0
parentTriangleIndex 0
parentUV 0.0000000 0.0000000
parentContactPosition 0.0000000 0.0000000 0.0000000
parentContactNormal 0.0000000 0.0000000 0.0000000
parentOffset 0.0000000 0.0000000 0.0000000
scale 1.0596645
scale 1.1378601
scale 1.0000000
transform 0.0000000 -1.1378601 0.0000000 0.0000000 1.0596645 0.0000000 0.0000000 0.0000000 0.0000000 0.0000000 1.0000000 0.0000000 3.1127644 276.4288837 0.0000000 1.0000000
newModel 1 f2518339da2a64ea5e87e18e0a88e78f
parentIndex 0
children
parentMaterialGroupIndex 0
parentTriangleIndex 0
parentUV 0.0000000 0.0000000
parentContactPosition 0.0000000 0.0000000 0.0000000
parentContactNormal 0.0000000 0.0000000 0.0000000
parentOffset 0.0000000 0.0000000 0.0000000
scale 0.9972116
scale 0.9306659
scale 1.1623523
transform 0.9704331 -0.2142263 0.0000000 0.0000000 0.2295442 0.9056744 0.0000000 0.0000000 0.0000000 0.0000000 1.1623523 0.0000000 -16.5807734 -20.9893728 0.0000000 1.0000000
newModel 2 569e2fce2f1ab3be617e9d9aa36a8137
parentIndex 0
children 7 9
parentMaterialGroupIndex 0
parentTriangleIndex 0
parentUV 0.0000000 0.0000000
parentContactPosition 0.0000000 0.0000000 0.0000000
parentContactNormal 0.0000000 0.0000000 0.0000000
parentOffset 0.0000000 0.0000000 0.0000000
scale 1.4392418
scale 1.2228748
scale 1.5584496
transform 1.4180941 -0.2088624 0.0000000 0.0000000 0.2458170 1.2049064 0.0000000 0.0000000 0.0000000 0.0000000 1.5584496 0.0000000 73.7120994 167.5822068 0.0000000 1.0000000
newModel 3 3d3b4b8874f2aaddc397356311cbeea4
parentIndex 0
children 5
parentMaterialGroupIndex 0
parentTriangleIndex 0
parentUV 0.0000000 0.0000000
parentContactPosition 0.0000000 0.0000000 0.0000000
parentContactNormal 0.0000000 0.0000000 0.0000000
parentOffset 0.0000000 0.0000000 0.0000000
scale 2.2203700
scale 2.2203700
scale 2.2203700
transform 2.1598090 -0.5150417 0.0000000 0.0000000 0.5150417 2.1598090 0.0000000 0.0000000 0.0000000 0.0000000 2.2203700 0.0000000 149.0409844 119.7187590 -0.0000000 1.0000000
newModel 4 699468993d0ab5cb98d5fc0473d00a1c
parentIndex 0
children 8
parentMaterialGroupIndex 0
parentTriangleIndex 0
parentUV 0.0000000 0.0000000
parentContactPosition 0.0000000 0.0000000 0.0000000
parentContactNormal 0.0000000 0.0000000 0.0000000
parentOffset 0.0000000 0.0000000 0.0000000
scale 1.2209198
scale 1.3131126
scale 0.2548222
transform -1.2139869 -0.1397383 0.0000000 0.0000000 0.1299273 -1.3056562 0.0000000 0.0000000 0.0000000 0.0000000 0.2548222 0.0000000 9.5236382 420.7908028 0.0000000 1.0000000
newModel 5 26bb7229b024a8549b0c8289d51d981b
parentIndex 3
children
parentMaterialGroupIndex 0
parentTriangleIndex 0
parentUV 0.0000000 0.0000000
parentContactPosition 0.0000000 0.0000000 0.0000000
parentContactNormal 0.0000000 0.0000000 0.0000000
parentOffset 0.0000000 0.0000000 0.0000000
scale 1.0609062
scale 0.6747923
scale 1.2815661
transform -1.0560075 0.0647715 0.0000000 0.0000000 -0.1018336 -0.6716764 0.0000000 0.0000000 0.0000000 0.0000000 1.2815661 0.0000000 233.5719140 147.1171880 39.3371851 1.0000000
newModel 6 49bb44051ac701a38e6dba661026d53a
parentIndex 0
children
parentMaterialGroupIndex 0
parentTriangleIndex 0
parentUV 0.0000000 0.0000000
parentContactPosition 0.0000000 0.0000000 0.0000000
parentContactNormal 0.0000000 0.0000000 0.0000000
parentOffset 0.0000000 0.0000000 0.0000000
scale 0.9876377
scale 1.3294825
scale 1.7444093
transform -0.9871563 -0.0415055 0.0000000 0.0000000 0.0308333 -1.3288345 0.0000000 0.0000000 0.0000000 0.0000000 1.7444093 0.0000000 232.7279274 293.2276078 -0.0000000 1.0000000
newModel 7 da0f6b3a375a7e77e963c7e7c24b8dcd
parentIndex 2
children
parentMaterialGroupIndex 0
parentTriangleIndex 0
parentUV 0.0000000 0.0000000
parentContactPosition 0.0000000 0.0000000 0.0000000
parentContactNormal 0.0000000 0.0000000 0.0000000
parentOffset 0.0000000 0.0000000 0.0000000
scale 1.7166896
scale 2.6791588
scale 2.2190284
transform 1.6670607 -0.6395482 0.0000000 0.0000000 0.4097950 2.6017052 0.0000000 0.0000000 0.0000000 0.0000000 2.2190284 0.0000000 72.0362606 145.1785544 47.7991571 1.0000000
newModel 8 a4c14d2008146b61bcab7dd7c7b222d8
parentIndex 4
children
parentMaterialGroupIndex 0
parentTriangleIndex 0
parentUV 0.0000000 0.0000000
parentContactPosition 0.0000000 0.0000000 0.0000000
parentContactNormal 0.0000000 0.0000000 0.0000000
parentOffset 0.0000000 0.0000000 0.0000000
scale 0.1168655
scale 0.1935025
scale 0.1349327
transform 0.1166983 -0.0103480 0.0000000 0.0000000 0.0062496 0.1932256 0.0000000 0.0000000 0.0000000 0.0000000 0.1349327 0.0000000 1.4461914 231.7658695 29.9250486 1.0000000
newModel 9 e101cc44ead036294bc79c881a0e818b
parentIndex 2
children
parentMaterialGroupIndex 0
parentTriangleIndex 0
parentUV 0.0000000 0.0000000
parentContactPosition 0.0000000 0.0000000 0.0000000
parentContactNormal 0.0000000 0.0000000 0.0000000
parentOffset 0.0000000 0.0000000 0.0000000
scale 1.8979800
scale 1.8979800
scale 1.8979800
transform 1.8263282 0.5165785 0.0000000 0.0000000 -0.5165785 1.8263282 0.0000000 0.0000000 0.0000000 0.0000000 1.8979800 0.0000000 99.4431466 168.3862191 47.0071525 1.0000000
