StanfordSceneDatabase
version 1.0
modelCount 6
newModel 0 room02
parentIndex -1
children 1 2 3 4
parentMaterialGroupIndex 0
parentTriangleIndex 0
parentUV 0.0000000 0.0000000
parentContactPosition 0.0000000 0.0000000 0.0000000
parentContactNormal 0.0000000 0.0000000 0.0000000
parentOffset 0.0000000 0.0000000 0.0000000
scale 1.0655515
scale 1.1308793
scale 1.0000000
transform 0.0000000 -1.1308793 0.0000000 0.0000000 1.0655515 0.0000000 0.0000000 0.0000000 0.0000000 0.0000000 1.0000000 0.0000000 1.5983273 278.1963190 0.0000000 1.0000000
newModel 1 215f72973cfa2c9a42c2142b4fb342c8
parentIndex 0
children
parentMaterialGroupIndex 0
parentTriangleIndex 0
parentUV 0.0000000 0.0000000
parentContactPosition 0.0000000 0.0000000 0.0000000
parentContactNormal 0.0000000 0.0000000 0.0000000
parentOffset 0.0000000 0.0000000 0.0000000
scale 1.1551100
scale 1.1551100
scale 1.1551100
transform 1.1551100 -0.0000000 0.0000000 0.0000000 0.0000000 1.1551100 0.0000000 0.0000000 0.0000000 0.0000000 1.1551100 0.0000000 76.9132926 9.6952602 6.9306600 1.0000000
newModel 2 569e2fce2f1ab3be617e9d9aa36a8137
parentIndex 0
children 5
parentMaterialGroupIndex 0
parentTriangleIndex 0
parentUV 0.0000000 0.0000000
parentContactPosition 0.0000000 0.0000000 0.0000000
parentContactNormal 0.0000000 0.0000000 0.0000000
parentOffset 0.0000000 0.0000000 0.0000000
scale 1.4392418
scale 1.2228748
scale 1.5584496
transform 1.4392418 -0.0000000 0.0000000 0.0000000 0.0000000 1.2228748 0.0000000 0.0000000 0.0000000 0.0000000 1.5584496 0.0000000 24.2044517 35.4423737 0.0000000 1.0000000
newModel 3 a49d69c86f512f5d28783a5eb7743d5f
parentIndex 0
children
parentMaterialGroupIndex 0
parentTriangleIndex 0
parentUV 0.0000000 0.0000000
parentContactPosition 0.0000000 0.0000000 0.0000000
parentContactNormal 0.0000000 0.0000000 0.0000000
parentOffset 0.0000000 0.0000000 0.0000000
scale 2.1854047
scale 2.5109317
scale 1.3682499
transform 2.1854047 -0.0000000 0.0000000 0.0000000 0.0000000 2.5109317 0.0000000 0.0000000 0.0000000 0.0000000 1.3682499 0.0000000 194.9291986 11.5322847 0.0000000 1.0000000
newModel 4 c4cb5bcb1a9399ae504721639e19f609
parentIndex 0
children
parentMaterialGroupIndex 0
parentTriangleIndex 0
parentUV 0.0000000 0.0000000
parentContactPosition 0.0000000 0.0000000 0.0000000
parentContactNormal 0.0000000 0.0000000 0.0000000
parentOffset 0.0000000 0.0000000 0.0000000
scale 2.6247867
scale 5.4100942
scale 4.0432724
transform 0.0000000 5.4100942 0.0000000 0.0000000 -2.6247867 0.0000000 0.0000000 0.0000000 0.0000000 0.0000000 4.0432724 0.0000000 151.6168266 175.0744047 0.2897749 1.0000000
newModel 5 51ddb98b62d242c234b77b4127aa78ab
parentIndex 2
children
parentMaterialGroupIndex 0
parentTriangleIndex 0
parentUV 0.0000000 0.0000000
parentContactPosition 0.0000000 0.0000000 0.0000000
parentContactNormal 0.0000000 0.0000000 0.0000000
parentOffset 0.0000000 0.0000000 0.0000000
scale 0.0020386
scale 0.0020386
scale 0.0020386
transform 0.0020386 -0.0000000 0.0000000 0.0000000 0.0000000 0.0020386 0.0000000 0.0000000 0.0000000 0.0000000 0.0020386 0.0000000 52.9966783 30.0777988 48.1709045 1.0000000
