StanfordSceneDatabase
version 1.0
modelCount 12
newModel 0 room02
parentIndex -1
children 1 2 3 4 5 6
parentMaterialGroupIndex 0
parentTriangleIndex 0
parentUV 0.0000000 0.0000000
parentContactPosition 0.0000000 0.0000000 0.0000000
parentContactNormal 0.0000000 0.0000000 0.0000000
parentOffset 0.0000000 0.0000000 0.0000000
scale 1.0655515
scale 1.1308793
scale 1.0000000
transform 0.0000000 -1.0655515 0.0000000 0.0000000 1.1308793 0.0000000 0.0000000 0.0000000 0.0000000 0.0000000 1.0000000 0.0000000 -6.3880000 270.1120000 0.0000000 1.0000000
newModel 1 f2518339da2a64ea5e87e18e0a88e78f
parentIndex 0
children
parentMaterialGroupIndex 0
parentTriangleIndex 0
parentUV 0.0000000 0.0000000
parentContactPosition 0.0000000 0.0000000 0.0000000
parentContactNormal 0.0000000 0.0000000 0.0000000
parentOffset 0.0000000 0.0000000 0.0000000
scale 0.9972116
scale 0.9306659
scale 1.1623523
transform -0.9972116 0.0000000 0.0000000 0.0000000 -0.0000000 -0.9306659 0.0000000 0.0000000 0.0000000 0.0000000 1.1623523 0.0000000 234.5434521 159.1239577 0.0000000 1.0000000
newModel 2 a49d69c86f512f5d28783a5eb7743d5f
parentIndex 0
children 7
parentMaterialGroupIndex 0
parentTriangleIndex 0
parentUV 0.0000000 0.0000000
parentContactPosition 0.0000000 0.0000000 0.0000000
parentContactNormal 0.0000000 0.0000000 0.0000000
parentOffset 0.0000000 0.0000000 0.0000000
scale 2.1854047
scale 2.5109317
scale 1.3682499
transform 2.1854047 -0.0000000 0.0000000 0.0000000 0.0000000 2.5109317 0.0000000 0.0000000 0.0000000 0.0000000 1.3682499 0.0000000 23.7104897 13.2220302 0.0000000 1.0000000
newModel 3 a49d69c86f512f5d28783a5eb7743d5f
parentIndex 0
children 8
parentMaterialGroupIndex 0
parentTriangleIndex 0
parentUV 0.0000000 0.0000000
parentContactPosition 0.0000000 0.0000000 0.0000000
parentContactNormal 0.0000000 0.0000000 0.0000000
parentOffset 0.0000000 0.0000000 0.0000000
scale 2.1854047
scale 2.5109317
scale 1.3682499
transform 2.1854047 -0.0000000 0.0000000 0.0000000 0.0000000 2.5109317 0.0000000 0.0000000 0.0000000 0.0000000 1.3682499 0.0000000 198.7846210 13.2929097 0.0000000 1.0000000
newModel 4 569e2fce2f1ab3be617e9d9aa36a8137
parentIndex 0
children 9
parentMaterialGroupIndex 0
parentTriangleIndex 0
parentUV 0.0000000 0.0000000
parentContactPosition 0.0000000 0.0000000 0.0000000
parentContactNormal 0.0000000 0.0000000 0.0000000
parentOffset 0.0000000 0.0000000 0.0000000
scale 1.4392418
scale 1.2228748
scale 1.5584496
transform -0.0000000 -1.4392418 0.0000000 0.0000000 1.2228748 -0.0000000 0.0000000 0.0000000 0.0000000 0.0000000 1.5584496 0.0000000 226.5435467 266.8309881 0.0000000 1.0000000
newModel 5 699468993d0ab5cb98d5fc0473d00a1c
parentIndex 0
children 10 11
parentMaterialGroupIndex 0
parentTriangleIndex 0
parentUV 0.0000000 0.0000000
parentContactPosition 0.0000000 0.0000000 0.0000000
parentContactNormal 0.0000000 0.0000000 0.0000000
parentOffset 0.0000000 0.0000000 0.0000000
scale 1.2209198
scale 1.3131126
scale 0.2548222
transform -0.0000000 -1.2209198 0.0000000 0.0000000 1.3131126 -0.0000000 0.0000000 0.0000000 0.0000000 0.0000000 0.2548222 0.0000000 57.2078119 37.2820527 0.0000250 1.0000000
newModel 6 e7de8a24dfc385d92715de3ea7b582d7
parentIndex 0
children
parentMaterialGroupIndex 0
parentTriangleIndex 0
parentUV 0.0000000 0.0000000
parentContactPosition 0.0000000 0.0000000 0.0000000
parentContactNormal 0.0000000 0.0000000 0.0000000
parentOffset 0.0000000 0.0000000 0.0000000
scale 2.3563393
scale 2.2380658
scale 1.5153455
transform 0.0000000 2.3563393 0.0000000 0.0000000 -2.2380658 0.0000000 0.0000000 0.0000000 0.0000000 0.0000000 1.5153455 0.0000000 254.7083117 155.8096564 0.0000000 1.0000000
newModel 7 abd8a95ebe132c58cf004563556ddb36
parentIndex 2
children
parentMaterialGroupIndex 0
parentTriangleIndex 0
parentUV 0.0000000 0.0000000
parentContactPosition 0.0000000 0.0000000 0.0000000
parentContactNormal 0.0000000 0.0000000 0.0000000
parentOffset 0.0000000 0.0000000 0.0000000
scale 0.7343926
scale 0.7740672
scale 0.4372648
transform -0.7343926 0.0000000 0.0000000 0.0000000 -0.0000000 -0.7740672 0.0000000 0.0000000 0.0000000 0.0000000 0.4372648 0.0000000 58.6401992 32.8395698 39.3371851 1.0000000
newModel 8 c5b6259812704f11e3ebe8b18779c486
parentIndex 3
children
parentMaterialGroupIndex 0
parentTriangleIndex 0
parentUV 0.0000000 0.0000000
parentContactPosition 0.0000000 0.0000000 0.0000000
parentContactNormal 0.0000000 0.0000000 0.0000000
parentOffset 0.0000000 0.0000000 0.0000000
scale 0.0107929
scale 0.0108755
scale 0.0127295
transform 0.0107929 -0.0000000 0.0000000 0.0000000 0.0000000 0.0108755 0.0000000 0.0000000 0.0000000 0.0000000 0.0127295 0.0000000 197.1609940 19.3469805 39.3371851 1.0000000
newModel 9 da0f6b3a375a7e77e963c7e7c24b8dcd
parentIndex 4
children
parentMaterialGroupIndex 0
parentTriangleIndex 0
parentUV 0.0000000 0.0000000
parentContactPosition 0.0000000 0.0000000 0.0000000
parentContactNormal 0.0000000 0.0000000 0.0000000
parentOffset 0.0000000 0.0000000 0.0000000
scale 1.7166896
scale 2.6791588
scale 2.2190284
transform -0.0000000 -1.7166896 0.0000000 0.0000000 2.6791588 -0.0000000 0.0000000 0.0000000 0.0000000 0.0000000 2.2190284 0.0000000 198.8098083 281.6356797 47.7991571 1.0000000
newModel 10 a4c14d2008146b61bcab7dd7c7b222d8
parentIndex 5
children
parentMaterialGroupIndex 0
parentTriangleIndex 0
parentUV 0.0000000 0.0000000
parentContactPosition 0.0000000 0.0000000 0.0000000
parentContactNormal 0.0000000 0.0000000 0.0000000
parentOffset 0.0000000 0.0000000 0.0000000
scale 0.1168655
scale 0.1935025
scale 0.1349327
transform -0.0000000 -0.1168655 0.0000000 0.0000000 0.1935025 -0.0000000 0.0000000 0.0000000 0.0000000 0.0000000 0.1349327 0.0000000 246.9558988 87.9536122 29.9250486 1.0000000
newModel 11 ab54d97d4677d537bb4fd842f8631c2b
parentIndex 5
children
parentMaterialGroupIndex 0
parentTriangleIndex 0
parentUV 0.0000000 0.0000000
parentContactPosition 0.0000000 0.0000000 0.0000000
parentContactNormal 0.0000000 0.0000000 0.0000000
parentOffset 0.0000000 0.0000000 0.0000000
scale 0.8474080
scale 0.8407953
scale 2.6892711
transform -0.0000000 -0.8474080 0.0000000 0.0000000 0.8407953 -0.0000000 0.0000000 0.0000000 0.0000000 0.0000000 2.6892711 0.0000000 261.6524799 93.9946943 20.0647500 1.0000000
