StanfordSceneDatabase
version 1.0
modelCount 12
newModel 0 room09
parentIndex -1
children 1 2 3 4 5 6 7
parentMaterialGroupIndex 0
parentTriangleIndex 0
parentUV 0.0000000 0.0000000
parentContactPosition 0.0000000 0.0000000 0.0000000
parentContactNormal 0.0000000 0.0000000 0.0000000
parentOffset 0.0000000 0.0000000 0.0000000
scale 1.2195122
scale 1.2345679
scale 1.0000000
transform 0.0000000 -1.2345679 0.0000000 0.0000000 1.2195122 0.0000000 0.0000000 0.0000000 0.0000000 0.0000000 1.0000000 0.0000000 1.8292683 298.1481481 0.0000000 1.0000000
newModel 1 c0b76f006237ccd3e0e89fd83955713c
parentIndex 0
children
parentMaterialGroupIndex 0
parentTriangleIndex 0
parentUV 0.0000000 0.0000000
parentContactPosition 0.0000000 0.0000000 0.0000000
parentContactNormal 0.0000000 0.0000000 0.0000000
parentOffset 0.0000000 0.0000000 0.0000000
scale 2.3810731
scale 1.6375693
scale 1.6419954
transform -2.3810731 0.0000000 0.0000000 0.0000000 -0.0000000 -1.6375693 0.0000000 0.0000000 0.0000000 0.0000000 1.6419954 0.0000000 1487.1370338 253.8058161 -0.0000000 1.0000000
newModel 2 3d3b4b8874f2aaddc397356311cbeea4
parentIndex 0
children 8
parentMaterialGroupIndex 0
parentTriangleIndex 0
parentUV 0.0000000 0.0000000
parentContactPosition 0.0000000 0.0000000 0.0000000
parentContactNormal 0.0000000 0.0000000 0.0000000
parentOffset 0.0000000 0.0000000 0.0000000
scale 2.2203700
scale 2.2203700
scale 2.2203700
transform 2.2203700 -0.0000000 0.0000000 0.0000000 0.0000000 2.2203700 0.0000000 0.0000000 0.0000000 0.0000000 2.2203700 0.0000000 36.5636642 241.6967906 -0.0000000 1.0000000
newModel 3 3d3b4b8874f2aaddc397356311cbeea4
parentIndex 0
children 9
parentMaterialGroupIndex 0
parentTriangleIndex 0
parentUV 0.0000000 0.0000000
parentContactPosition 0.0000000 0.0000000 0.0000000
parentContactNormal 0.0000000 0.0000000 0.0000000
parentOffset 0.0000000 0.0000000 0.0000000
scale 2.2203700
scale 2.2203700
scale 2.2203700
transform 2.2203700 -0.0000000 0.0000000 0.0000000 0.0000000 2.2203700 0.0000000 0.0000000 0.0000000 0.0000000 2.2203700 0.0000000 193.1234622 241.7676701 -0.0000000 1.0000000
newModel 4 cb70b087e5bc5e9522e46d8e163c0f81
parentIndex 0
children
parentMaterialGroupIndex 0
parentTriangleIndex 0
parentUV 0.0000000 0.0000000
parentContactPosition 0.0000000 0.0000000 0.0000000
parentContactNormal 0.0000000 0.0000000 0.0000000
parentOffset 0.0000000 0.0000000 0.0000000
scale 1.7116483
scale 2.2773256
scale 1.7512078
transform -1.7116483 0.0000000 0.0000000 0.0000000 -0.0000000 -2.2773256 0.0000000 0.0000000 0.0000000 0.0000000 1.7512078 0.0000000 275.2517918 78.9455133 0.0000000 1.0000000
newModel 5 da8e9be00f5af54fb370bce5a5e71544
parentIndex 0
children
parentMaterialGroupIndex 0
parentTriangleIndex 0
parentUV 0.0000000 0.0000000
parentContactPosition 0.0000000 0.0000000 0.0000000
parentContactNormal 0.0000000 0.0000000 0.0000000
parentOffset 0.0000000 0.0000000 0.0000000
scale 2.7416838
scale 2.6228978
scale 2.6946587
transform 0.0000000 2.6228978 0.0000000 0.0000000 -2.7416838 0.0000000 0.0000000 0.0000000 0.0000000 0.0000000 2.6946587 0.0000000 385.1081953 130.2709626 0.2480582 1.0000000
newModel 6 699468993d0ab5cb98d5fc0473d00a1c
parentIndex 0
children 10 11
parentMaterialGroupIndex 0
parentTriangleIndex 0
parentUV 0.0000000 0.0000000
parentContactPosition 0.0000000 0.0000000 0.0000000
parentContactNormal 0.0000000 0.0000000 0.0000000
parentOffset 0.0000000 0.0000000 0.0000000
scale 1.2209198
scale 1.3131126
scale 0.2548222
transform -1.2209198 0.0000000 0.0000000 0.0000000 -0.0000000 -1.3131126 0.0000000 0.0000000 0.0000000 0.0000000 0.2548222 0.0000000 79.8351724 212.2506056 0.0000000 1.0000000
newModel 7 49bb44051ac701a38e6dba661026d53a
parentIndex 0
children
parentMaterialGroupIndex 0
parentTriangleIndex 0
parentUV 0.0000000 0.0000000
parentContactPosition 0.0000000 0.0000000 0.0000000
parentContactNormal 0.0000000 0.0000000 0.0000000
parentOffset 0.0000000 0.0000000 0.0000000
scale 0.9876377
scale 1.3294825
scale 1.7444093
transform 0.0000000 1.3294825 0.0000000 0.0000000 -0.9876377 0.0000000 0.0000000 0.0000000 0.0000000 0.0000000 1.7444093 0.0000000 307.1345105 103.7093932 -0.0000000 1.0000000
newModel 8 37a0450d563c75fee6fd37924022d82
parentIndex 2
children
parentMaterialGroupIndex 0
parentTriangleIndex 0
parentUV 0.0000000 0.0000000
parentContactPosition 0.0000000 0.0000000 0.0000000
parentContactNormal 0.0000000 0.0000000 0.0000000
parentOffset 0.0000000 0.0000000 0.0000000
scale 1.0133500
scale 1.0133500
scale 1.0133500
transform -1.0133500 0.0000000 0.0000000 0.0000000 -0.0000000 -1.0133500 0.0000000 0.0000000 0.0000000 0.0000000 1.0133500 0.0000000 151.3509324 275.9805761 25.2262864 1.0000000
newModel 9 37a0450d563c75fee6fd37924022d82
parentIndex 3
children
parentMaterialGroupIndex 0
parentTriangleIndex 0
parentUV 0.0000000 0.0000000
parentContactPosition 0.0000000 0.0000000 0.0000000
parentContactNormal 0.0000000 0.0000000 0.0000000
parentOffset 0.0000000 0.0000000 0.0000000
scale 1.0133500
scale 1.0133500
scale 1.0133500
transform -1.0133500 0.0000000 0.0000000 0.0000000 -0.0000000 -1.0133500 0.0000000 0.0000000 0.0000000 0.0000000 1.0133500 0.0000000 308.5903837 275.2721317 25.2262864 1.0000000
newModel 10 a4c14d2008146b61bcab7dd7c7b222d8
parentIndex 6
children
parentMaterialGroupIndex 0
parentTriangleIndex 0
parentUV 0.0000000 0.0000000
parentContactPosition 0.0000000 0.0000000 0.0000000
parentContactNormal 0.0000000 0.0000000 0.0000000
parentOffset 0.0000000 0.0000000 0.0000000
scale 0.1168655
scale 0.1935025
scale 0.1349327
transform -0.1168655 0.0000000 0.0000000 0.0000000 -0.0000000 -0.1935025 0.0000000 0.0000000 0.0000000 0.0000000 0.1349327 0.0000000 117.3175113 18.9877205 29.9250486 1.0000000
newModel 11 a238b2f6f5e2cf66c77016426fd9cf48
parentIndex 6
children
parentMaterialGroupIndex 0
parentTriangleIndex 0
parentUV 0.0000000 0.0000000
parentContactPosition 0.0000000 0.0000000 0.0000000
parentContactNormal 0.0000000 0.0000000 0.0000000
parentOffset 0.0000000 0.0000000 0.0000000
scale 0.0603416
scale 0.0473023
scale 0.1577743
transform -0.0603416 0.0000000 0.0000000 0.0000000 -0.0000000 -0.0473023 0.0000000 0.0000000 0.0000000 0.0000000 0.1577743 0.0000000 137.5089693 18.0217761 20.6859088 1.0000000
