StanfordSceneDatabase
version 1.0
modelCount 6
newModel 0 room04
parentIndex -1
children 1 2 3
parentMaterialGroupIndex 0
parentTriangleIndex 0
parentUV 0.0000000 0.0000000
parentContactPosition 0.0000000 0.0000000 0.0000000
parentContactNormal 0.0000000 0.0000000 0.0000000
parentOffset 0.0000000 0.0000000 0.0000000
scale 0.8452692
scale 0.9600694
scale 0.6923077
transform 0.0000000 -0.9600694 0.0000000 0.0000000 0.8452692 0.0000000 0.0000000 0.0000000 0.0000000 0.0000000 0.6923077 0.0000000 40.5729231 288.0208333 0.0000000 1.0000000
newModel 1 215f72973cfa2c9a42c2142b4fb342c8
parentIndex 0
children
parentMaterialGroupIndex 0
parentTriangleIndex 0
parentUV 0.0000000 0.0000000
parentContactPosition 0.0000000 0.0000000 0.0000000
parentContactNormal 0.0000000 0.0000000 0.0000000
parentOffset 0.0000000 0.0000000 0.0000000
scale 1.1551100
scale 1.1551100
scale 1.1551100
transform 0.5428443 -1.0196074 0.0000000 0.0000000 1.0196074 0.5428443 0.0000000 0.0000000 0.0000000 0.0000000 1.1551100 0.0000000 29.3858907 119.4312717 6.9306600 1.0000000
newModel 2 a49d69c86f512f5d28783a5eb7743d5f
parentIndex 0
children 4
parentMaterialGroupIndex 0
parentTriangleIndex 0
parentUV 0.0000000 0.0000000
parentContactPosition 0.0000000 0.0000000 0.0000000
parentContactNormal 0.0000000 0.0000000 0.0000000
parentOffset 0.0000000 0.0000000 0.0000000
scale 2.1854047
scale 2.5109317
scale 1.3682499
transform -0.2887723 2.4889146 0.0000000 0.0000000 -2.1662420 -0.3317864 0.0000000 0.0000000 0.0000000 0.0000000 1.3682499 0.0000000 139.7016730 181.5640380 0.0000000 1.0000000
newModel 3 a49d69c86f512f5d28783a5eb7743d5f
parentIndex 0
children 5
parentMaterialGroupIndex 0
parentTriangleIndex 0
parentUV 0.0000000 0.0000000
parentContactPosition 0.0000000 0.0000000 0.0000000
parentContactNormal 0.0000000 0.0000000 0.0000000
parentOffset 0.0000000 0.0000000 0.0000000
scale 2.1854047
scale 2.5109317
scale 1.3682499
transform -0.2535977 2.4939688 0.0000000 0.0000000 -2.1706409 -0.2913724 0.0000000 0.0000000 0.0000000 0.0000000 1.3682499 0.0000000 227.3127853 5.7282134 0.0000000 1.0000000
newModel 4 37a0450d563c75fee6fd37924022d82
parentIndex 2
children
parentMaterialGroupIndex 0
parentTriangleIndex 0
parentUV 0.0000000 0.0000000
parentContactPosition 0.0000000 0.0000000 0.0000000
parentContactNormal 0.0000000 0.0000000 0.0000000
parentOffset 0.0000000 0.0000000 0.0000000
scale 1.0133500
scale 1.0133500
scale 1.0133500
transform 0.1789626 0.9974220 0.0000000 0.0000000 -0.9974220 0.1789626 0.0000000 0.0000000 0.0000000 0.0000000 1.0133500 0.0000000 98.9223870 100.8919409 25.2262864 1.0000000
newModel 5 37a0450d563c75fee6fd37924022d82
parentIndex 3
children
parentMaterialGroupIndex 0
parentTriangleIndex 0
parentUV 0.0000000 0.0000000
parentContactPosition 0.0000000 0.0000000 0.0000000
parentContactNormal 0.0000000 0.0000000 0.0000000
parentOffset 0.0000000 0.0000000 0.0000000
scale 1.0133500
scale 1.0133500
scale 1.0133500
transform -0.2124943 0.9908201 0.0000000 0.0000000 -0.9908201 -0.2124943 0.0000000 0.0000000 0.0000000 0.0000000 1.0133500 0.0000000 227.9775417 -63.3562354 25.2262864 1.0000000
