StanfordSceneDatabase
version 1.0
modelCount 6
newModel 0 room02
parentIndex -1
children 1 2 3 4
parentMaterialGroupIndex 0
parentTriangleIndex 0
parentUV 0.0000000 0.0000000
parentContactPosition 0.0000000 0.0000000 0.0000000
parentContactNormal 0.0000000 0.0000000 0.0000000
parentOffset 0.0000000 0.0000000 0.0000000
scale 1.0655515
scale 1.1308793
scale 1.0000000
transform 0.0000000 -1.1308793 0.0000000 0.0000000 1.0655515 0.0000000 0.0000000 0.0000000 0.0000000 0.0000000 1.0000000 0.0000000 1.5983273 278.1963190 0.0000000 1.0000000
newModel 1 3d3b4b8874f2aaddc397356311cbeea4
parentIndex 0
children
parentMaterialGroupIndex 0
parentTriangleIndex 0
parentUV 0.0000000 0.0000000
parentContactPosition 0.0000000 0.0000000 0.0000000
parentContactNormal 0.0000000 0.0000000 0.0000000
parentOffset 0.0000000 0.0000000 0.0000000
scale 5.6431953
scale 6.9545000
scale 3.7911914
transform 5.6431953 -0.0000000 0.0000000 0.0000000 0.0000000 6.9545000 0.0000000 0.0000000 0.0000000 0.0000000 3.7911914 0.0000000 59.9907902 -10.1862774 -0.0000000 1.0000000
newModel 2 3d3b4b8874f2aaddc397356311cbeea4
parentIndex 0
children
parentMaterialGroupIndex 0
parentTriangleIndex 0
parentUV 0.0000000 0.0000000
parentContactPosition 0.0000000 0.0000000 0.0000000
parentContactNormal 0.0000000 0.0000000 0.0000000
parentOffset 0.0000000 0.0000000 0.0000000
scale 2.2203700
scale 2.2203700
scale 2.2203700
transform 2.2203700 -0.0000000 0.0000000 0.0000000 0.0000000 2.2203700 0.0000000 0.0000000 0.0000000 0.0000000 2.2203700 0.0000000 31.9986603 -0.5283501 -0.0000000 1.0000000
newModel 3 3d3b4b8874f2aaddc397356311cbeea4
parentIndex 0
children 5
parentMaterialGroupIndex 0
parentTriangleIndex 0
parentUV 0.0000000 0.0000000
parentContactPosition 0.0000000 0.0000000 0.0000000
parentContactNormal 0.0000000 0.0000000 0.0000000
parentOffset 0.0000000 0.0000000 0.0000000
scale 2.2203700
scale 2.2203700
scale 2.2203700
transform 2.2203700 -0.0000000 0.0000000 0.0000000 0.0000000 2.2203700 0.0000000 0.0000000 0.0000000 0.0000000 2.2203700 0.0000000 194.0388744 3.8074197 -0.0000000 1.0000000
newModel 4 133c16fc6ca7d77676bb31db0358e9c6
parentIndex 0
children
parentMaterialGroupIndex 0
parentTriangleIndex 0
parentUV 0.0000000 0.0000000
parentContactPosition 0.0000000 0.0000000 0.0000000
parentContactNormal 0.0000000 0.0000000 0.0000000
parentOffset 0.0000000 0.0000000 0.0000000
scale 1.7282798
scale 2.4694956
scale 1.2230060
transform 1.7282798 -0.0000000 0.0000000 0.0000000 0.0000000 2.4694956 0.0000000 0.0000000 0.0000000 0.0000000 1.2230060 0.0000000 3.1845130 61.0856166 0.0000000 1.0000000
newModel 5 37a0450d563c75fee6fd37924022d82
parentIndex 3
children
parentMaterialGroupIndex 0
parentTriangleIndex 0
parentUV 0.0000000 0.0000000
parentContactPosition 0.0000000 0.0000000 0.0000000
parentContactNormal 0.0000000 0.0000000 0.0000000
parentOffset 0.0000000 0.0000000 0.0000000
scale 1.0133500
scale 1.0133500
scale 1.0133500
transform 1.0133500 -0.0000000 0.0000000 0.0000000 0.0000000 1.0133500 0.0000000 0.0000000 0.0000000 0.0000000 1.0133500 0.0000000 134.7383470 25.4746490 25.2262864 1.0000000
