StanfordSceneDatabase
version 1.0
modelCount 8
newModel 0 room04
parentIndex -1
children 1 2 3 4 5
parentMaterialGroupIndex 0
parentTriangleIndex 0
parentUV 0.0000000 0.0000000
parentContactPosition 0.0000000 0.0000000 0.0000000
parentContactNormal 0.0000000 0.0000000 0.0000000
parentOffset 0.0000000 0.0000000 0.0000000
scale 0.9615385
scale 1.0416667
scale 0.6923077
transform 0.0000000 -1.0416667 0.0000000 0.0000000 0.9615385 0.0000000 0.0000000 0.0000000 0.0000000 0.0000000 0.6923077 0.0000000 46.1538462 312.5000000 0.0000000 1.0000000
newModel 1 215f72973cfa2c9a42c2142b4fb342c8
parentIndex 0
children
parentMaterialGroupIndex 0
parentTriangleIndex 0
parentUV 0.0000000 0.0000000
parentContactPosition 0.0000000 0.0000000 0.0000000
parentContactNormal 0.0000000 0.0000000 0.0000000
parentOffset 0.0000000 0.0000000 0.0000000
scale 1.1551100
scale 1.1551100
scale 1.1551100
transform 1.1551100 -0.0000000 0.0000000 0.0000000 0.0000000 1.1551100 0.0000000 0.0000000 0.0000000 0.0000000 1.1551100 0.0000000 52.7714289 2.0183542 6.9306600 1.0000000
newModel 2 a49d69c86f512f5d28783a5eb7743d5f
parentIndex 0
children 6
parentMaterialGroupIndex 0
parentTriangleIndex 0
parentUV 0.0000000 0.0000000
parentContactPosition 0.0000000 0.0000000 0.0000000
parentContactNormal 0.0000000 0.0000000 0.0000000
parentOffset 0.0000000 0.0000000 0.0000000
scale 2.1854047
scale 2.5109317
scale 1.3682499
transform 2.1854047 -0.0000000 0.0000000 0.0000000 0.0000000 2.5109317 0.0000000 0.0000000 0.0000000 0.0000000 1.3682499 0.0000000 13.2899513 10.6219653 0.0000000 1.0000000
newModel 3 a49d69c86f512f5d28783a5eb7743d5f
parentIndex 0
children 7
parentMaterialGroupIndex 0
parentTriangleIndex 0
parentUV 0.0000000 0.0000000
parentContactPosition 0.0000000 0.0000000 0.0000000
parentContactNormal 0.0000000 0.0000000 0.0000000
parentOffset 0.0000000 0.0000000 0.0000000
scale 2.1854047
scale 2.5109317
scale 1.3682499
transform 2.1854047 -0.0000000 0.0000000 0.0000000 0.0000000 2.5109317 0.0000000 0.0000000 0.0000000 0.0000000 1.3682499 0.0000000 180.3801749 4.5183707 0.0000000 1.0000000
newModel 4 fd244782842c611b6443e5551f9d3958
parentIndex 0
children
parentMaterialGroupIndex 0
parentTriangleIndex 0
parentUV 0.0000000 0.0000000
parentContactPosition 0.0000000 0.0000000 0.0000000
parentContactNormal 0.0000000 0.0000000 0.0000000
parentOffset 0.0000000 0.0000000 0.0000000
scale 1.2787971
scale 1.2271462
scale 1.1384797
transform 0.0000000 -1.2271462 0.0000000 0.0000000 1.2787971 0.0000000 0.0000000 0.0000000 0.0000000 0.0000000 1.1384797 0.0000000 25.5599019 173.5214595 0.0000000 1.0000000
newModel 5 12732a44b379023b36f48f84cffbe669
parentIndex 0
children
parentMaterialGroupIndex 0
parentTriangleIndex 0
parentUV 0.0000000 0.0000000
parentContactPosition 0.0000000 0.0000000 0.0000000
parentContactNormal 0.0000000 0.0000000 0.0000000
parentOffset 0.0000000 0.0000000 0.0000000
scale 1.0526316
scale 1.0526316
scale 0.9090909
transform 0.0000000 1.0526316 0.0000000 0.0000000 -1.0526316 0.0000000 0.0000000 0.0000000 0.0000000 0.0000000 0.9090909 0.0000000 415.8237931 -18.7162101 -0.0000000 1.0000000
newModel 6 37a0450d563c75fee6fd37924022d82
parentIndex 2
children
parentMaterialGroupIndex 0
parentTriangleIndex 0
parentUV 0.0000000 0.0000000
parentContactPosition 0.0000000 0.0000000 0.0000000
parentContactNormal 0.0000000 0.0000000 0.0000000
parentOffset 0.0000000 0.0000000 0.0000000
scale 1.0133500
scale 1.0133500
scale 1.0133500
transform 1.0133500 -0.0000000 0.0000000 0.0000000 0.0000000 1.0133500 0.0000000 0.0000000 0.0000000 0.0000000 1.0133500 0.0000000 -51.2514067 23.8689128 25.2262864 1.0000000
newModel 7 37a0450d563c75fee6fd37924022d82
parentIndex 3
children
parentMaterialGroupIndex 0
parentTriangleIndex 0
parentUV 0.0000000 0.0000000
parentContactPosition 0.0000000 0.0000000 0.0000000
parentContactNormal 0.0000000 0.0000000 0.0000000
parentOffset 0.0000000 0.0000000 0.0000000
scale 1.0133500
scale 1.0133500
scale 1.0133500
transform 1.0133500 -0.0000000 0.0000000 0.0000000 0.0000000 1.0133500 0.0000000 0.0000000 0.0000000 0.0000000 1.0133500 0.0000000 115.1591635 18.6060705 25.2262864 1.0000000
