StanfordSceneDatabase
version 1.0
modelCount 8
newModel 0 room04
parentIndex -1
children 1 2 3 4
parentMaterialGroupIndex 0
parentTriangleIndex 0
parentUV 0.0000000 0.0000000
parentContactPosition 0.0000000 0.0000000 0.0000000
parentContactNormal 0.0000000 0.0000000 0.0000000
parentOffset 0.0000000 0.0000000 0.0000000
scale 0.9615385
scale 1.0416667
scale 0.6923077
transform 0.0000000 -1.0416667 0.0000000 0.0000000 0.9615385 0.0000000 0.0000000 0.0000000 0.0000000 0.0000000 0.6923077 0.0000000 46.1538462 312.5000000 0.0000000 1.0000000
newModel 1 215f72973cfa2c9a42c2142b4fb342c8
parentIndex 0
children
parentMaterialGroupIndex 0
parentTriangleIndex 0
parentUV 0.0000000 0.0000000
parentContactPosition 0.0000000 0.0000000 0.0000000
parentContactNormal 0.0000000 0.0000000 0.0000000
parentOffset 0.0000000 0.0000000 0.0000000
scale 1.1551100
scale 1.1551100
scale 1.1551100
transform -1.1551100 0.0000000 0.0000000 0.0000000 -0.0000000 -1.1551100 0.0000000 0.0000000 0.0000000 0.0000000 1.1551100 0.0000000 170.7735324 139.2909034 6.9306600 1.0000000
newModel 2 a49d69c86f512f5d28783a5eb7743d5f
parentIndex 0
children 5
parentMaterialGroupIndex 0
parentTriangleIndex 0
parentUV 0.0000000 0.0000000
parentContactPosition 0.0000000 0.0000000 0.0000000
parentContactNormal 0.0000000 0.0000000 0.0000000
parentOffset 0.0000000 0.0000000 0.0000000
scale 2.1854047
scale 2.5109317
scale 1.3682499
transform 2.1854047 -0.0000000 0.0000000 0.0000000 0.0000000 2.5109317 0.0000000 0.0000000 0.0000000 0.0000000 1.3682499 0.0000000 19.2631504 7.0023483 0.0000000 1.0000000
newModel 3 a49d69c86f512f5d28783a5eb7743d5f
parentIndex 0
children 6
parentMaterialGroupIndex 0
parentTriangleIndex 0
parentUV 0.0000000 0.0000000
parentContactPosition 0.0000000 0.0000000 0.0000000
parentContactNormal 0.0000000 0.0000000 0.0000000
parentOffset 0.0000000 0.0000000 0.0000000
scale 2.1854047
scale 2.5109317
scale 1.3682499
transform 2.1854047 -0.0000000 0.0000000 0.0000000 0.0000000 2.5109317 0.0000000 0.0000000 0.0000000 0.0000000 1.3682499 0.0000000 181.3033644 11.3381180 0.0000000 1.0000000
newModel 4 22fbb23ca13c345b51887beb710d662a
parentIndex 0
children 7
parentMaterialGroupIndex 0
parentTriangleIndex 0
parentUV 0.0000000 0.0000000
parentContactPosition 0.0000000 0.0000000 0.0000000
parentContactNormal 0.0000000 0.0000000 0.0000000
parentOffset 0.0000000 0.0000000 0.0000000
scale 0.6978851
scale 0.8650677
scale 0.2786771
transform -0.6978851 0.0000000 0.0000000 0.0000000 -0.0000000 -0.8650677 0.0000000 0.0000000 0.0000000 0.0000000 0.2786771 0.0000000 235.9445395 295.4998523 0.0000000 1.0000000
newModel 5 37a0450d563c75fee6fd37924022d82
parentIndex 2
children
parentMaterialGroupIndex 0
parentTriangleIndex 0
parentUV 0.0000000 0.0000000
parentContactPosition 0.0000000 0.0000000 0.0000000
parentContactNormal 0.0000000 0.0000000 0.0000000
parentOffset 0.0000000 0.0000000 0.0000000
scale 1.0133500
scale 1.0133500
scale 1.0133500
transform 1.0133500 -0.0000000 0.0000000 0.0000000 0.0000000 1.0133500 0.0000000 0.0000000 0.0000000 0.0000000 1.0133500 0.0000000 -38.3488690 21.4679257 25.2262864 1.0000000
newModel 6 37a0450d563c75fee6fd37924022d82
parentIndex 3
children
parentMaterialGroupIndex 0
parentTriangleIndex 0
parentUV 0.0000000 0.0000000
parentContactPosition 0.0000000 0.0000000 0.0000000
parentContactNormal 0.0000000 0.0000000 0.0000000
parentOffset 0.0000000 0.0000000 0.0000000
scale 1.0133500
scale 1.0133500
scale 1.0133500
transform 1.0133500 -0.0000000 0.0000000 0.0000000 0.0000000 1.0133500 0.0000000 0.0000000 0.0000000 0.0000000 1.0133500 0.0000000 116.0823530 25.4258179 25.2262864 1.0000000
newModel 7 ca686d7726623dc7fa2e328741dade59
parentIndex 4
children
parentMaterialGroupIndex 0
parentTriangleIndex 0
parentUV 0.0000000 0.0000000
parentContactPosition 0.0000000 0.0000000 0.0000000
parentContactNormal 0.0000000 0.0000000 0.0000000
parentOffset 0.0000000 0.0000000 0.0000000
scale 5.9985186
scale 2.2037165
scale 11.6056568
transform -5.9985186 0.0000000 0.0000000 0.0000000 -0.0000000 -2.2037165 0.0000000 0.0000000 0.0000000 0.0000000 11.6056568 0.0000000 221.0031692 289.3999421 20.0647500 1.0000000
