StanfordSceneDatabase
version 1.0
modelCount 6
newModel 0 room04
parentIndex -1
children 1 2 3
parentMaterialGroupIndex 0
parentTriangleIndex 0
parentUV 0.0000000 0.0000000
parentContactPosition 0.0000000 0.0000000 0.0000000
parentContactNormal 0.0000000 0.0000000 0.0000000
parentOffset 0.0000000 0.0000000 0.0000000
scale 0.8452692
scale 0.9600694
scale 0.6923077
transform 0.0000000 -0.9600694 0.0000000 0.0000000 0.8452692 0.0000000 0.0000000 0.0000000 0.0000000 0.0000000 0.6923077 0.0000000 40.5729231 288.0208333 0.0000000 1.0000000
newModel 1 215f72973cfa2c9a42c2142b4fb342c8
parentIndex 0
children
parentMaterialGroupIndex 0
parentTriangleIndex 0
parentUV 0.0000000 0.0000000
parentContactPosition 0.0000000 0.0000000 0.0000000
parentContactNormal 0.0000000 0.0000000 0.0000000
parentOffset 0.0000000 0.0000000 0.0000000
scale 1.1551100
scale 1.1551100
scale 1.1551100
transform 0.5754916 -1.0015430 0.0000000 0.0000000 1.0015430 0.5754916 0.0000000 0.0000000 0.0000000 0.0000000 1.1551100 0.0000000 64.4007642 132.7541459 6.9306600 1.0000000
newModel 2 a49d69c86f512f5d28783a5eb7743d5f
parentIndex 0
children 4
parentMaterialGroupIndex 0
parentTriangleIndex 0
parentUV 0.0000000 0.0000000
parentContactPosition 0.0000000 0.0000000 0.0000000
parentContactNormal 0.0000000 0.0000000 0.0000000
parentOffset 0.0000000 0.0000000 0.0000000
scale 2.1854047
scale 2.5109317
scale 1.3682499
transform 1.3474841 1.9768306 0.0000000 0.0000000 -1.7205465 1.5481986 0.0000000 0.0000000 0.0000000 0.0000000 1.3682499 0.0000000 187.9966263 1.4575489 0.0000000 1.0000000
newModel 3 a49d69c86f512f5d28783a5eb7743d5f
parentIndex 0
children 5
parentMaterialGroupIndex 0
parentTriangleIndex 0
parentUV 0.0000000 0.0000000
parentContactPosition 0.0000000 0.0000000 0.0000000
parentContactNormal 0.0000000 0.0000000 0.0000000
parentOffset 0.0000000 0.0000000 0.0000000
scale 2.1854047
scale 2.5109317
scale 1.3682499
transform 0.7959148 2.3384871 0.0000000 0.0000000 -2.0353165 0.9144703 0.0000000 0.0000000 0.0000000 0.0000000 1.3682499 0.0000000 232.6143459 200.0406438 0.0000000 1.0000000
newModel 4 37a0450d563c75fee6fd37924022d82
parentIndex 2
children
parentMaterialGroupIndex 0
parentTriangleIndex 0
parentUV 0.0000000 0.0000000
parentContactPosition 0.0000000 0.0000000 0.0000000
parentContactNormal 0.0000000 0.0000000 0.0000000
parentOffset 0.0000000 0.0000000 0.0000000
scale 1.0133500
scale 1.0133500
scale 1.0133500
transform 0.6845371 0.7471861 0.0000000 0.0000000 -0.7471861 0.6845371 0.0000000 0.0000000 0.0000000 0.0000000 1.0133500 0.0000000 130.9150425 -40.7665452 25.2262864 1.0000000
newModel 5 37a0450d563c75fee6fd37924022d82
parentIndex 3
children
parentMaterialGroupIndex 0
parentTriangleIndex 0
parentUV 0.0000000 0.0000000
parentContactPosition 0.0000000 0.0000000 0.0000000
parentContactNormal 0.0000000 0.0000000 0.0000000
parentOffset 0.0000000 0.0000000 0.0000000
scale 1.0133500
scale 1.0133500
scale 1.0133500
transform 0.4653417 0.9001863 0.0000000 0.0000000 -0.9001863 0.4653417 0.0000000 0.0000000 0.0000000 0.0000000 1.0133500 0.0000000 187.6832038 144.7476983 25.2262864 1.0000000
