StanfordSceneDatabase
version 1.0
modelCount 6
newModel 0 room01
parentIndex -1
children 1 2 3
parentMaterialGroupIndex 0
parentTriangleIndex 0
parentUV 0.0000000 0.0000000
parentContactPosition 0.0000000 0.0000000 0.0000000
parentContactNormal 0.0000000 0.0000000 0.0000000
parentOffset 0.0000000 0.0000000 0.0000000
scale 1.0596645
scale 1.1378601
scale 1.0000000
transform 0.0000000 -1.1378601 0.0000000 0.0000000 1.0596645 0.0000000 0.0000000 0.0000000 0.0000000 0.0000000 1.0000000 0.0000000 3.1127644 276.4288837 0.0000000 1.0000000
newModel 1 f2518339da2a64ea5e87e18e0a88e78f
parentIndex 0
children
parentMaterialGroupIndex 0
parentTriangleIndex 0
parentUV 0.0000000 0.0000000
parentContactPosition 0.0000000 0.0000000 0.0000000
parentContactNormal 0.0000000 0.0000000 0.0000000
parentOffset 0.0000000 0.0000000 0.0000000
scale 0.9972116
scale 0.9306659
scale 1.1623523
transform -0.9971696 0.0085463 0.0000000 0.0000000 -0.0091574 -0.9306267 0.0000000 0.0000000 0.0000000 0.0000000 1.1623523 0.0000000 209.7947123 143.8462191 0.0000000 1.0000000
newModel 2 569e2fce2f1ab3be617e9d9aa36a8137
parentIndex 0
children 4
parentMaterialGroupIndex 0
parentTriangleIndex 0
parentUV 0.0000000 0.0000000
parentContactPosition 0.0000000 0.0000000 0.0000000
parentContactNormal 0.0000000 0.0000000 0.0000000
parentOffset 0.0000000 0.0000000 0.0000000
scale 1.4392418
scale 1.2228748
scale 1.5584496
transform -1.4390521 -0.0198564 0.0000000 0.0000000 0.0233697 -1.2227136 0.0000000 0.0000000 0.0000000 0.0000000 1.5584496 0.0000000 262.8180922 164.7829283 0.0000000 1.0000000
newModel 3 699468993d0ab5cb98d5fc0473d00a1c
parentIndex 0
children 5
parentMaterialGroupIndex 0
parentTriangleIndex 0
parentUV 0.0000000 0.0000000
parentContactPosition 0.0000000 0.0000000 0.0000000
parentContactNormal 0.0000000 0.0000000 0.0000000
parentOffset 0.0000000 0.0000000 0.0000000
scale 1.2209198
scale 1.3131126
scale 0.2548222
transform -1.2088255 -0.1843682 0.0000000 0.0000000 0.1714239 -1.3001051 0.0000000 0.0000000 0.0000000 0.0000000 0.2548222 0.0000000 181.8692032 414.9524240 0.0000000 1.0000000
newModel 4 da0f6b3a375a7e77e963c7e7c24b8dcd
parentIndex 2
children
parentMaterialGroupIndex 0
parentTriangleIndex 0
parentUV 0.0000000 0.0000000
parentContactPosition 0.0000000 0.0000000 0.0000000
parentContactNormal 0.0000000 0.0000000 0.0000000
parentOffset 0.0000000 0.0000000 0.0000000
scale 1.7166896
scale 2.6791588
scale 2.2190284
transform -1.7146730 -0.1298210 0.0000000 0.0000000 0.0831837 -2.6760117 0.0000000 0.0000000 0.0000000 0.0000000 2.2190284 0.0000000 283.4395549 191.8069725 47.7991571 1.0000000
newModel 5 a4c14d2008146b61bcab7dd7c7b222d8
parentIndex 3
children
parentMaterialGroupIndex 0
parentTriangleIndex 0
parentUV 0.0000000 0.0000000
parentContactPosition 0.0000000 0.0000000 0.0000000
parentContactNormal 0.0000000 0.0000000 0.0000000
parentOffset 0.0000000 0.0000000 0.0000000
scale 0.1168655
scale 0.1935025
scale 0.1349327
transform -0.1161433 -0.0214796 0.0000000 0.0000000 0.0129726 -0.1923066 0.0000000 0.0000000 0.0000000 0.0000000 0.1349327 0.0000000 254.9138776 240.2840824 29.9250486 1.0000000
