StanfordSceneDatabase
version 1.0
modelCount 10
newModel 0 room01
parentIndex -1
children 1 2 3 4 6
parentMaterialGroupIndex 0
parentTriangleIndex 0
parentUV 0.0000000 0.0000000
parentContactPosition 0.0000000 0.0000000 0.0000000
parentContactNormal 0.0000000 0.0000000 0.0000000
parentOffset 0.0000000 0.0000000 0.0000000
scale 1.0596645
scale 1.1378601
scale 1.0000000
transform 0.0000000 -1.1378601 0.0000000 0.0000000 1.0596645 0.0000000 0.0000000 0.0000000 0.0000000 0.0000000 1.0000000 0.0000000 3.1127644 276.4288837 0.0000000 1.0000000
newModel 1 f2518339da2a64ea5e87e18e0a88e78f
parentIndex 0
children
parentMaterialGroupIndex 0
parentTriangleIndex 0
parentUV 0.0000000 0.0000000
parentContactPosition 0.0000000 0.0000000 0.0000000
parentContactNormal 0.0000000 0.0000000 0.0000000
parentOffset 0.0000000 0.0000000 0.0000000
scale 0.9972116
scale 0.9306659
scale 1.1623523
transform 0.9947586 -0.0652371 0.0000000 0.0000000 0.0699017 0.9283767 0.0000000 0.0000000 0.0000000 0.0000000 1.1623523 0.0000000 34.9522750 -73.3705729 0.0000000 1.0000000
newModel 2 569e2fce2f1ab3be617e9d9aa36a8137
parentIndex 0
children 7 9
parentMaterialGroupIndex 0
parentTriangleIndex 0
parentUV 0.0000000 0.0000000
parentContactPosition 0.0000000 0.0000000 0.0000000
parentContactNormal 0.0000000 0.0000000 0.0000000
parentOffset 0.0000000 0.0000000 0.0000000
scale 1.4392418
scale 1.2228748
scale 1.5584496
transform -1.4373232 -0.0631214 0.0000000 0.0000000 0.0742897 -1.2212446 0.0000000 0.0000000 0.0000000 0.0000000 1.5584496 0.0000000 263.0336904 172.6623914 0.0000000 1.0000000
newModel 3 3d3b4b8874f2aaddc397356311cbeea4
parentIndex 0
children 5
parentMaterialGroupIndex 0
parentTriangleIndex 0
parentUV 0.0000000 0.0000000
parentContactPosition 0.0000000 0.0000000 0.0000000
parentContactNormal 0.0000000 0.0000000 0.0000000
parentOffset 0.0000000 0.0000000 0.0000000
scale 2.2203700
scale 2.2203700
scale 2.2203700
transform -2.0801934 0.7764266 0.0000000 0.0000000 -0.7764266 -2.0801934 0.0000000 0.0000000 0.0000000 0.0000000 2.2203700 0.0000000 44.2951140 268.0242648 -0.0000000 1.0000000
newModel 4 699468993d0ab5cb98d5fc0473d00a1c
parentIndex 0
children 8
parentMaterialGroupIndex 0
parentTriangleIndex 0
parentUV 0.0000000 0.0000000
parentContactPosition 0.0000000 0.0000000 0.0000000
parentContactNormal 0.0000000 0.0000000 0.0000000
parentOffset 0.0000000 0.0000000 0.0000000
scale 1.2209198
scale 1.3131126
scale 0.2548222
transform -1.2180006 -0.0907511 0.0000000 0.0000000 0.0843795 -1.3099729 0.0000000 0.0000000 0.0000000 0.0000000 0.2548222 0.0000000 60.4295159 351.1451655 0.0000000 1.0000000
newModel 5 26bb7229b024a8549b0c8289d51d981b
parentIndex 3
children
parentMaterialGroupIndex 0
parentTriangleIndex 0
parentUV 0.0000000 0.0000000
parentContactPosition 0.0000000 0.0000000 0.0000000
parentContactNormal 0.0000000 0.0000000 0.0000000
parentOffset 0.0000000 0.0000000 0.0000000
scale 1.0609062
scale 0.6747923
scale 1.2815661
transform 1.0467746 0.1097721 0.0000000 0.0000000 -0.1725834 0.6658038 0.0000000 0.0000000 0.0000000 0.0000000 1.2815661 0.0000000 -27.0545459 231.3897087 39.3371851 1.0000000
newModel 6 49bb44051ac701a38e6dba661026d53a
parentIndex 0
children
parentMaterialGroupIndex 0
parentTriangleIndex 0
parentUV 0.0000000 0.0000000
parentContactPosition 0.0000000 0.0000000 0.0000000
parentContactNormal 0.0000000 0.0000000 0.0000000
parentOffset 0.0000000 0.0000000 0.0000000
scale 0.9876377
scale 1.3294825
scale 1.7444093
transform 0.9654236 -0.2803867 0.0000000 0.0000000 0.2082919 1.2995796 0.0000000 0.0000000 0.0000000 0.0000000 1.7444093 0.0000000 53.1815157 214.8655844 -0.0000000 1.0000000
newModel 7 da0f6b3a375a7e77e963c7e7c24b8dcd
parentIndex 2
children
parentMaterialGroupIndex 0
parentTriangleIndex 0
parentUV 0.0000000 0.0000000
parentContactPosition 0.0000000 0.0000000 0.0000000
parentContactNormal 0.0000000 0.0000000 0.0000000
parentOffset 0.0000000 0.0000000 0.0000000
scale 1.7166896
scale 2.6791588
scale 2.2190284
transform -1.7016515 -0.3538433 0.0000000 0.0000000 0.2267275 -2.6556896 0.0000000 0.0000000 0.0000000 0.0000000 2.2190284 0.0000000 246.7687755 253.5799274 47.7991571 1.0000000
newModel 8 a4c14d2008146b61bcab7dd7c7b222d8
parentIndex 4
children
parentMaterialGroupIndex 0
parentTriangleIndex 0
parentUV 0.0000000 0.0000000
parentContactPosition 0.0000000 0.0000000 0.0000000
parentContactNormal 0.0000000 0.0000000 0.0000000
parentOffset 0.0000000 0.0000000 0.0000000
scale 0.1168655
scale 0.1935025
scale 0.1349327
transform 0.1165946 0.0131670 0.0000000 0.0000000 -0.0079522 0.1930540 0.0000000 0.0000000 0.0000000 0.0000000 0.1349327 0.0000000 97.1902125 152.2021360 29.9250486 1.0000000
newModel 9 e101cc44ead036294bc79c881a0e818b
parentIndex 2
children
parentMaterialGroupIndex 0
parentTriangleIndex 0
parentUV 0.0000000 0.0000000
parentContactPosition 0.0000000 0.0000000 0.0000000
parentContactNormal 0.0000000 0.0000000 0.0000000
parentOffset 0.0000000 0.0000000 0.0000000
scale 1.8979800
scale 1.8979800
scale 1.8979800
transform -1.8251419 -0.5207545 0.0000000 0.0000000 0.5207545 -1.8251419 0.0000000 0.0000000 0.0000000 0.0000000 1.8979800 0.0000000 170.4230755 167.1309448 47.0071525 1.0000000
