StanfordSceneDatabase
version 1.0
modelCount 6
newModel 0 room00
parentIndex -1
children 1 2 3
parentMaterialGroupIndex 0
parentTriangleIndex 0
parentUV 0.0000000 0.0000000
parentContactPosition 0.0000000 0.0000000 0.0000000
parentContactNormal 0.0000000 0.0000000 0.0000000
parentOffset 0.0000000 0.0000000 0.0000000
scale 1.2213740
scale 1.2345679
scale 1.0000000
transform 0.0000000 -1.2345679 0.0000000 0.0000000 1.2213740 0.0000000 0.0000000 0.0000000 0.0000000 0.0000000 1.0000000 0.0000000 1.6030534 301.6203704 0.0000000 1.0000000
newModel 1 30f435dd6d37fbdec4b73036ef32ebc6
parentIndex 0
children 4 5
parentMaterialGroupIndex 0
parentTriangleIndex 0
parentUV 0.0000000 0.0000000
parentContactPosition 0.0000000 0.0000000 0.0000000
parentContactNormal 0.0000000 0.0000000 0.0000000
parentOffset 0.0000000 0.0000000 0.0000000
scale 3.9190319
scale 0.7264501
scale 1.6873000
transform 3.9190319 -0.0000000 0.0000000 0.0000000 0.0000000 0.7264501 0.0000000 0.0000000 0.0000000 0.0000000 1.6873000 0.0000000 146.0582869 257.7211087 12.7414364 1.0000000
newModel 2 215f72973cfa2c9a42c2142b4fb342c8
parentIndex 0
children
parentMaterialGroupIndex 0
parentTriangleIndex 0
parentUV 0.0000000 0.0000000
parentContactPosition 0.0000000 0.0000000 0.0000000
parentContactNormal 0.0000000 0.0000000 0.0000000
parentOffset 0.0000000 0.0000000 0.0000000
scale 1.1551100
scale 1.1551100
scale 1.1551100
transform 1.1551100 -0.0000000 0.0000000 0.0000000 0.0000000 1.1551100 0.0000000 0.0000000 0.0000000 0.0000000 1.1551100 0.0000000 29.3606530 151.3094379 8.8018838 1.0000000
newModel 3 c4cb5bcb1a9399ae504721639e19f609
parentIndex 0
children
parentMaterialGroupIndex 0
parentTriangleIndex 0
parentUV 0.0000000 0.0000000
parentContactPosition 0.0000000 0.0000000 0.0000000
parentContactNormal 0.0000000 0.0000000 0.0000000
parentOffset 0.0000000 0.0000000 0.0000000
scale 2.6247867
scale 5.4100942
scale 4.0432724
transform 2.6247867 -0.0000000 0.0000000 0.0000000 0.0000000 5.4100942 0.0000000 0.0000000 0.0000000 0.0000000 4.0432724 0.0000000 15.1255674 247.4957374 2.1926568 1.0000000
newModel 4 225d37286bed9bb9dbf53b03c847b004
parentIndex 1
children
parentMaterialGroupIndex 0
parentTriangleIndex 0
parentUV 0.0000000 0.0000000
parentContactPosition 0.0000000 0.0000000 0.0000000
parentContactNormal 0.0000000 0.0000000 0.0000000
parentOffset 0.0000000 0.0000000 0.0000000
scale 1.2621800
scale 1.1589903
scale 1.5120907
transform 1.2621800 -0.0000000 0.0000000 0.0000000 0.0000000 1.1589903 0.0000000 0.0000000 0.0000000 0.0000000 1.5120907 0.0000000 39.9533390 228.6412194 14.7421176 1.0000000
newModel 5 3ec8e454858a6aed2513f3510eefb345
parentIndex 1
children
parentMaterialGroupIndex 0
parentTriangleIndex 0
parentUV 0.0000000 0.0000000
parentContactPosition 0.0000000 0.0000000 0.0000000
parentContactNormal 0.0000000 0.0000000 0.0000000
parentOffset 0.0000000 0.0000000 0.0000000
scale 4.2822856
scale 2.1031174
scale 10.2010175
transform -4.2822856 0.0000000 0.0000000 0.0000000 -0.0000000 -2.1031174 0.0000000 0.0000000 0.0000000 0.0000000 10.2010175 0.0000000 274.1738459 308.4954262 61.6253949 1.0000000
