StanfordSceneDatabase
version 1.0
modelCount 10
newModel 0 room01
parentIndex -1
children 1 2 3 4 6
parentMaterialGroupIndex 0
parentTriangleIndex 0
parentUV 0.0000000 0.0000000
parentContactPosition 0.0000000 0.0000000 0.0000000
parentContactNormal 0.0000000 0.0000000 0.0000000
parentOffset 0.0000000 0.0000000 0.0000000
scale 1.0596645
scale 1.1378601
scale 1.0000000
transform 0.0000000 -1.1378601 0.0000000 0.0000000 1.0596645 0.0000000 0.0000000 0.0000000 0.0000000 0.0000000 1.0000000 0.0000000 3.1127644 276.4288837 0.0000000 1.0000000
newModel 1 f2518339da2a64ea5e87e18e0a88e78f
parentIndex 0
children
parentMaterialGroupIndex 0
parentTriangleIndex 0
parentUV 0.0000000 0.0000000
parentContactPosition 0.0000000 0.0000000 0.0000000
parentContactNormal 0.0000000 0.0000000 0.0000000
parentOffset 0.0000000 0.0000000 0.0000000
scale 0.9972116
scale 0.9306659
scale 1.1623523
transform -0.9848019 0.1463662 0.0000000 0.0000000 -0.1568319 -0.9190843 0.0000000 0.0000000 0.0000000 0.0000000 1.1623523 0.0000000 229.3095890 273.0241460 0.0000000 1.0000000
newModel 2 569e2fce2f1ab3be617e9d9aa36a8137
parentIndex 0
children 7 9
parentMaterialGroupIndex 0
parentTriangleIndex 0
parentUV 0.0000000 0.0000000
parentContactPosition 0.0000000 0.0000000 0.0000000
parentContactNormal 0.0000000 0.0000000 0.0000000
parentOffset 0.0000000 0.0000000 0.0000000
scale 1.4392418
scale 1.2228748
scale 1.5584496
transform -1.4274742 0.1560575 0.0000000 0.0000000 -0.1836693 -1.2128763 0.0000000 0.0000000 0.0000000 0.0000000 1.5584496 0.0000000 120.1027559 70.7925174 0.0000000 1.0000000
newModel 3 3d3b4b8874f2aaddc397356311cbeea4
parentIndex 0
children 5
parentMaterialGroupIndex 0
parentTriangleIndex 0
parentUV 0.0000000 0.0000000
parentContactPosition 0.0000000 0.0000000 0.0000000
parentContactNormal 0.0000000 0.0000000 0.0000000
parentOffset 0.0000000 0.0000000 0.0000000
scale 2.2203700
scale 2.2203700
scale 2.2203700
transform -2.1983119 0.3121981 0.0000000 0.0000000 -0.3121981 -2.1983119 0.0000000 0.0000000 0.0000000 0.0000000 2.2203700 0.0000000 174.4260982 135.1769998 -0.0000000 1.0000000
newModel 4 699468993d0ab5cb98d5fc0473d00a1c
parentIndex 0
children 8
parentMaterialGroupIndex 0
parentTriangleIndex 0
parentUV 0.0000000 0.0000000
parentContactPosition 0.0000000 0.0000000 0.0000000
parentContactNormal 0.0000000 0.0000000 0.0000000
parentOffset 0.0000000 0.0000000 0.0000000
scale 1.2209198
scale 1.3131126
scale 0.2548222
transform -1.2192143 -0.0693830 0.0000000 0.0000000 0.0645117 -1.3112783 0.0000000 0.0000000 0.0000000 0.0000000 0.2548222 0.0000000 150.7393375 453.3215819 0.0000000 1.0000000
newModel 5 26bb7229b024a8549b0c8289d51d981b
parentIndex 3
children
parentMaterialGroupIndex 0
parentTriangleIndex 0
parentUV 0.0000000 0.0000000
parentContactPosition 0.0000000 0.0000000 0.0000000
parentContactNormal 0.0000000 0.0000000 0.0000000
parentOffset 0.0000000 0.0000000 0.0000000
scale 1.0609062
scale 0.6747923
scale 1.2815661
transform -1.0583677 0.0466529 0.0000000 0.0000000 -0.0733475 -0.6731776 0.0000000 0.0000000 0.0000000 0.0000000 1.2815661 0.0000000 183.2410177 139.9014449 39.3371851 1.0000000
newModel 6 49bb44051ac701a38e6dba661026d53a
parentIndex 0
children
parentMaterialGroupIndex 0
parentTriangleIndex 0
parentUV 0.0000000 0.0000000
parentContactPosition 0.0000000 0.0000000 0.0000000
parentContactNormal 0.0000000 0.0000000 0.0000000
parentOffset 0.0000000 0.0000000 0.0000000
scale 0.9876377
scale 1.3294825
scale 1.7444093
transform 0.9679022 -0.2644492 0.0000000 0.0000000 0.1964524 1.3029161 0.0000000 0.0000000 0.0000000 0.0000000 1.7444093 0.0000000 -19.0395958 37.8343828 -0.0000000 1.0000000
newModel 7 da0f6b3a375a7e77e963c7e7c24b8dcd
parentIndex 2
children
parentMaterialGroupIndex 0
parentTriangleIndex 0
parentUV 0.0000000 0.0000000
parentContactPosition 0.0000000 0.0000000 0.0000000
parentContactNormal 0.0000000 0.0000000 0.0000000
parentOffset 0.0000000 0.0000000 0.0000000
scale 1.7166896
scale 2.6791588
scale 2.2190284
transform -1.7000208 0.3724454 0.0000000 0.0000000 -0.2386470 -2.6531446 0.0000000 0.0000000 0.0000000 0.0000000 2.2190284 0.0000000 163.8838760 94.2485378 47.7991571 1.0000000
newModel 8 a4c14d2008146b61bcab7dd7c7b222d8
parentIndex 4
children
parentMaterialGroupIndex 0
parentTriangleIndex 0
parentUV 0.0000000 0.0000000
parentContactPosition 0.0000000 0.0000000 0.0000000
parentContactNormal 0.0000000 0.0000000 0.0000000
parentOffset 0.0000000 0.0000000 0.0000000
scale 0.1168655
scale 0.1935025
scale 0.1349327
transform -0.1168654 -0.0002612 0.0000000 0.0000000 0.0001578 -0.1935023 0.0000000 0.0000000 0.0000000 0.0000000 0.1349327 0.0000000 232.5877008 270.8984712 29.9250486 1.0000000
newModel 9 e101cc44ead036294bc79c881a0e818b
parentIndex 2
children
parentMaterialGroupIndex 0
parentTriangleIndex 0
parentUV 0.0000000 0.0000000
parentContactPosition 0.0000000 0.0000000 0.0000000
parentContactNormal 0.0000000 0.0000000 0.0000000
parentOffset 0.0000000 0.0000000 0.0000000
scale 1.8979800
scale 1.8979800
scale 1.8979800
transform 1.8520441 0.4150429 0.0000000 0.0000000 -0.4150429 1.8520441 0.0000000 0.0000000 0.0000000 0.0000000 1.8979800 0.0000000 55.5720399 57.9379044 47.0071525 1.0000000
