StanfordSceneDatabase
version 1.0
modelCount 6
newModel 0 room01
parentIndex -1
children 1 2 3
parentMaterialGroupIndex 0
parentTriangleIndex 0
parentUV 0.0000000 0.0000000
parentContactPosition 0.0000000 0.0000000 0.0000000
parentContactNormal 0.0000000 0.0000000 0.0000000
parentOffset 0.0000000 0.0000000 0.0000000
scale 1.0596645
scale 1.1378601
scale 1.0000000
transform 0.0000000 -1.1378601 0.0000000 0.0000000 1.0596645 0.0000000 0.0000000 0.0000000 0.0000000 0.0000000 1.0000000 0.0000000 3.1127644 276.4288837 0.0000000 1.0000000
newModel 1 f2518339da2a64ea5e87e18e0a88e78f
parentIndex 0
children
parentMaterialGroupIndex 0
parentTriangleIndex 0
parentUV 0.0000000 0.0000000
parentContactPosition 0.0000000 0.0000000 0.0000000
parentContactNormal 0.0000000 0.0000000 0.0000000
parentOffset 0.0000000 0.0000000 0.0000000
scale 0.9972116
scale 0.9306659
scale 1.1623523
transform 0.9972116 -0.0000000 0.0000000 0.0000000 0.0000000 0.9306659 0.0000000 0.0000000 0.0000000 0.0000000 1.1623523 0.0000000 34.0518875 120.4405256 0.0000000 1.0000000
newModel 2 569e2fce2f1ab3be617e9d9aa36a8137
parentIndex 0
children 4
parentMaterialGroupIndex 0
parentTriangleIndex 0
parentUV 0.0000000 0.0000000
parentContactPosition 0.0000000 0.0000000 0.0000000
parentContactNormal 0.0000000 0.0000000 0.0000000
parentOffset 0.0000000 0.0000000 0.0000000
scale 1.4392418
scale 1.2228748
scale 1.5584496
transform 1.4392418 -0.0000000 0.0000000 0.0000000 0.0000000 1.2228748 0.0000000 0.0000000 0.0000000 0.0000000 1.5584496 0.0000000 7.3218814 234.1870840 0.0000000 1.0000000
newModel 3 699468993d0ab5cb98d5fc0473d00a1c
parentIndex 0
children 5
parentMaterialGroupIndex 0
parentTriangleIndex 0
parentUV 0.0000000 0.0000000
parentContactPosition 0.0000000 0.0000000 0.0000000
parentContactNormal 0.0000000 0.0000000 0.0000000
parentOffset 0.0000000 0.0000000 0.0000000
scale 1.2209198
scale 1.3131126
scale 0.2548222
transform 1.2209198 -0.0000000 0.0000000 0.0000000 0.0000000 1.3131126 0.0000000 0.0000000 0.0000000 0.0000000 0.2548222 0.0000000 267.5020047 64.4729940 0.0000000 1.0000000
newModel 4 da0f6b3a375a7e77e963c7e7c24b8dcd
parentIndex 2
children
parentMaterialGroupIndex 0
parentTriangleIndex 0
parentUV 0.0000000 0.0000000
parentContactPosition 0.0000000 0.0000000 0.0000000
parentContactNormal 0.0000000 0.0000000 0.0000000
parentOffset 0.0000000 0.0000000 0.0000000
scale 0.6319438
scale 2.6791588
scale 2.2190284
transform 0.6319438 -0.0000000 0.0000000 0.0000000 0.0000000 2.6791588 0.0000000 0.0000000 0.0000000 0.0000000 2.2190284 0.0000000 25.2857268 202.4727553 47.7991571 1.0000000
newModel 5 a4c14d2008146b61bcab7dd7c7b222d8
parentIndex 3
children
parentMaterialGroupIndex 0
parentTriangleIndex 0
parentUV 0.0000000 0.0000000
parentContactPosition 0.0000000 0.0000000 0.0000000
parentContactNormal 0.0000000 0.0000000 0.0000000
parentOffset 0.0000000 0.0000000 0.0000000
scale 0.1168655
scale 0.1935025
scale 0.1349327
transform 0.1168655 -0.0000000 0.0000000 0.0000000 0.0000000 0.1935025 0.0000000 0.0000000 0.0000000 0.0000000 0.1349327 0.0000000 220.0196658 257.7358791 29.9250486 1.0000000
