StanfordSceneDatabase
version 1.0
modelCount 6
newModel 0 room16
parentIndex -1
children 1 2 3
parentMaterialGroupIndex 0
parentTriangleIndex 0
parentUV 0.0000000 0.0000000
parentContactPosition 0.0000000 0.0000000 0.0000000
parentContactNormal 0.0000000 0.0000000 0.0000000
parentOffset 0.0000000 0.0000000 0.0000000
scale 0.9731513
scale 0.8316815
scale 0.7894737
transform 0.0000000 -0.8316815 0.0000000 0.0000000 0.9731513 0.0000000 0.0000000 0.0000000 0.0000000 0.0000000 0.7894737 0.0000000 -29.9044526 248.4477988 0.0000000 1.0000000
newModel 1 a49d69c86f512f5d28783a5eb7743d5f
parentIndex 0
children
parentMaterialGroupIndex 0
parentTriangleIndex 0
parentUV 0.0000000 0.0000000
parentContactPosition 0.0000000 0.0000000 0.0000000
parentContactNormal 0.0000000 0.0000000 0.0000000
parentOffset 0.0000000 0.0000000 0.0000000
scale 5.5543291
scale 7.8645787
scale 2.3362311
transform 5.5543291 -0.0000000 0.0000000 0.0000000 0.0000000 7.8645787 0.0000000 0.0000000 0.0000000 0.0000000 2.3362311 0.0000000 124.1004233 14.9345099 0.0000000 1.0000000
newModel 2 569e2fce2f1ab3be617e9d9aa36a8137
parentIndex 0
children 4
parentMaterialGroupIndex 0
parentTriangleIndex 0
parentUV 0.0000000 0.0000000
parentContactPosition 0.0000000 0.0000000 0.0000000
parentContactNormal 0.0000000 0.0000000 0.0000000
parentOffset 0.0000000 0.0000000 0.0000000
scale 0.6196512
scale 2.8403280
scale 1.5584496
transform 0.6196512 -0.0000000 0.0000000 0.0000000 0.0000000 2.8403280 0.0000000 0.0000000 0.0000000 0.0000000 1.5584496 0.0000000 84.0338632 15.0186707 0.0000000 1.0000000
newModel 3 699468993d0ab5cb98d5fc0473d00a1c
parentIndex 0
children 5
parentMaterialGroupIndex 0
parentTriangleIndex 0
parentUV 0.0000000 0.0000000
parentContactPosition 0.0000000 0.0000000 0.0000000
parentContactNormal 0.0000000 0.0000000 0.0000000
parentOffset 0.0000000 0.0000000 0.0000000
scale 1.2209198
scale 1.3131126
scale 0.2548222
transform 1.2209198 -0.0000000 0.0000000 0.0000000 0.0000000 1.3131126 0.0000000 0.0000000 0.0000000 0.0000000 0.2548222 0.0000000 90.3513572 -180.0028361 0.0000000 1.0000000
newModel 4 82d567ba58024c5cab0b172d4dea80cd
parentIndex 2
children
parentMaterialGroupIndex 0
parentTriangleIndex 0
parentUV 0.0000000 0.0000000
parentContactPosition 0.0000000 0.0000000 0.0000000
parentContactNormal 0.0000000 0.0000000 0.0000000
parentOffset 0.0000000 0.0000000 0.0000000
scale 0.7397931
scale 2.6016794
scale 2.8522010
transform 0.7397931 -0.0000000 0.0000000 0.0000000 0.0000000 2.6016794 0.0000000 0.0000000 0.0000000 0.0000000 2.8522010 0.0000000 91.4084490 27.0534178 47.2444000 1.0000000
newModel 5 ab54d97d4677d537bb4fd842f8631c2b
parentIndex 3
children
parentMaterialGroupIndex 0
parentTriangleIndex 0
parentUV 0.0000000 0.0000000
parentContactPosition 0.0000000 0.0000000 0.0000000
parentContactNormal 0.0000000 0.0000000 0.0000000
parentOffset 0.0000000 0.0000000 0.0000000
scale 0.8474080
scale 0.8407953
scale 2.6892711
transform -0.8474080 0.0000000 0.0000000 0.0000000 -0.0000000 -0.8407953 0.0000000 0.0000000 0.0000000 0.0000000 2.6892711 0.0000000 71.4426491 13.4671199 20.0647500 1.0000000
