StanfordSceneDatabase
version 1.0
modelCount 9
newModel 0 room04
parentIndex -1
children 1 2 3 4 5 6
parentMaterialGroupIndex 0
parentTriangleIndex 0
parentUV 0.0000000 0.0000000
parentContactPosition 0.0000000 0.0000000 0.0000000
parentContactNormal 0.0000000 0.0000000 0.0000000
parentOffset 0.0000000 0.0000000 0.0000000
scale 0.9615385
scale 1.0416667
scale 0.6923077
transform 0.0000000 -1.0416667 0.0000000 0.0000000 0.9615385 0.0000000 0.0000000 0.0000000 0.0000000 0.0000000 0.6923077 0.0000000 46.1538462 312.5000000 0.0000000 1.0000000
newModel 1 215f72973cfa2c9a42c2142b4fb342c8
parentIndex 0
children
parentMaterialGroupIndex 0
parentTriangleIndex 0
parentUV 0.0000000 0.0000000
parentContactPosition 0.0000000 0.0000000 0.0000000
parentContactNormal 0.0000000 0.0000000 0.0000000
parentOffset 0.0000000 0.0000000 0.0000000
scale 1.1551100
scale 1.1551100
scale 1.1551100
transform 1.1551100 -0.0000000 0.0000000 0.0000000 0.0000000 1.1551100 0.0000000 0.0000000 0.0000000 0.0000000 1.1551100 0.0000000 77.0292886 155.5034816 6.9306600 1.0000000
newModel 2 a49d69c86f512f5d28783a5eb7743d5f
parentIndex 0
children 7
parentMaterialGroupIndex 0
parentTriangleIndex 0
parentUV 0.0000000 0.0000000
parentContactPosition 0.0000000 0.0000000 0.0000000
parentContactNormal 0.0000000 0.0000000 0.0000000
parentOffset 0.0000000 0.0000000 0.0000000
scale 2.1854047
scale 2.5109317
scale 1.3682499
transform -2.1854047 0.0000000 0.0000000 0.0000000 -0.0000000 -2.5109317 0.0000000 0.0000000 0.0000000 0.0000000 1.3682499 0.0000000 75.3727127 292.5573448 0.0000000 1.0000000
newModel 3 a49d69c86f512f5d28783a5eb7743d5f
parentIndex 0
children 8
parentMaterialGroupIndex 0
parentTriangleIndex 0
parentUV 0.0000000 0.0000000
parentContactPosition 0.0000000 0.0000000 0.0000000
parentContactNormal 0.0000000 0.0000000 0.0000000
parentOffset 0.0000000 0.0000000 0.0000000
scale 2.1854047
scale 2.5109317
scale 1.3682499
transform -2.1854047 0.0000000 0.0000000 0.0000000 -0.0000000 -2.5109317 0.0000000 0.0000000 0.0000000 0.0000000 1.3682499 0.0000000 231.9325107 291.4079790 0.0000000 1.0000000
newModel 4 6d9b13361790d04d457ba044c28858b1
parentIndex 0
children
parentMaterialGroupIndex 0
parentTriangleIndex 0
parentUV 0.0000000 0.0000000
parentContactPosition 0.0000000 0.0000000 0.0000000
parentContactNormal 0.0000000 0.0000000 0.0000000
parentOffset 0.0000000 0.0000000 0.0000000
scale 1.3860183
scale 1.2738008
scale 0.6706445
transform 1.3860183 -0.0000000 0.0000000 0.0000000 0.0000000 1.2738008 0.0000000 0.0000000 0.0000000 0.0000000 0.6706445 0.0000000 81.1481403 6.6790935 0.0000000 1.0000000
newModel 5 1308f3ff2e55eae4f1783a44a88d6274
parentIndex 0
children
parentMaterialGroupIndex 0
parentTriangleIndex 0
parentUV 0.0000000 0.0000000
parentContactPosition 0.0000000 0.0000000 0.0000000
parentContactNormal 0.0000000 0.0000000 0.0000000
parentOffset 0.0000000 0.0000000 0.0000000
scale 1.6770917
scale 1.4681237
scale 1.2765267
transform 0.0000000 -1.4681237 0.0000000 0.0000000 1.6770917 0.0000000 0.0000000 0.0000000 0.0000000 0.0000000 1.2765267 0.0000000 0.0125993 210.5927104 0.0000000 1.0000000
newModel 6 12732a44b379023b36f48f84cffbe669
parentIndex 0
children
parentMaterialGroupIndex 0
parentTriangleIndex 0
parentUV 0.0000000 0.0000000
parentContactPosition 0.0000000 0.0000000 0.0000000
parentContactNormal 0.0000000 0.0000000 0.0000000
parentOffset 0.0000000 0.0000000 0.0000000
scale 1.0526316
scale 1.0526316
scale 0.9090909
transform 0.0000000 1.0526316 0.0000000 0.0000000 -1.0526316 0.0000000 0.0000000 0.0000000 0.0000000 0.0000000 0.9090909 0.0000000 351.7033180 -25.6987976 -0.0000000 1.0000000
newModel 7 37a0450d563c75fee6fd37924022d82
parentIndex 2
children
parentMaterialGroupIndex 0
parentTriangleIndex 0
parentUV 0.0000000 0.0000000
parentContactPosition 0.0000000 0.0000000 0.0000000
parentContactNormal 0.0000000 0.0000000 0.0000000
parentOffset 0.0000000 0.0000000 0.0000000
scale 1.0133500
scale 1.0133500
scale 1.0133500
transform -1.0133500 0.0000000 0.0000000 0.0000000 -0.0000000 -1.0133500 0.0000000 0.0000000 0.0000000 0.0000000 1.0133500 0.0000000 147.7672699 279.2489689 25.2262864 1.0000000
newModel 8 37a0450d563c75fee6fd37924022d82
parentIndex 3
children
parentMaterialGroupIndex 0
parentTriangleIndex 0
parentUV 0.0000000 0.0000000
parentContactPosition 0.0000000 0.0000000 0.0000000
parentContactNormal 0.0000000 0.0000000 0.0000000
parentOffset 0.0000000 0.0000000 0.0000000
scale 1.0133500
scale 1.0133500
scale 1.0133500
transform -1.0133500 0.0000000 0.0000000 0.0000000 -0.0000000 -1.0133500 0.0000000 0.0000000 0.0000000 0.0000000 1.0133500 0.0000000 297.1535221 277.3202792 25.2262864 1.0000000
