StanfordSceneDatabase
version 1.0
modelCount 6
newModel 0 room02
parentIndex -1
children 1 2 3
parentMaterialGroupIndex 0
parentTriangleIndex 0
parentUV 0.0000000 0.0000000
parentContactPosition 0.0000000 0.0000000 0.0000000
parentContactNormal 0.0000000 0.0000000 0.0000000
parentOffset 0.0000000 0.0000000 0.0000000
scale 1.2121212
scale 1.2269939
scale 1.0000000
transform 0.0000000 -1.2269939 0.0000000 0.0000000 1.2121212 0.0000000 0.0000000 0.0000000 0.0000000 0.0000000 1.0000000 0.0000000 -16.3198182 290.0904908 0.0000000 1.0000000
newModel 1 f2518339da2a64ea5e87e18e0a88e78f
parentIndex 0
children
parentMaterialGroupIndex 0
parentTriangleIndex 0
parentUV 0.0000000 0.0000000
parentContactPosition 0.0000000 0.0000000 0.0000000
parentContactNormal 0.0000000 0.0000000 0.0000000
parentOffset 0.0000000 0.0000000 0.0000000
scale 0.9972116
scale 0.9306659
scale 1.1623523
transform -0.9972116 0.0000000 0.0000000 0.0000000 -0.0000000 -0.9306659 0.0000000 0.0000000 0.0000000 0.0000000 1.1623523 0.0000000 206.4834729 141.7014892 0.0000000 1.0000000
newModel 2 30f435dd6d37fbdec4b73036ef32ebc6
parentIndex 0
children 4 5
parentMaterialGroupIndex 0
parentTriangleIndex 0
parentUV 0.0000000 0.0000000
parentContactPosition 0.0000000 0.0000000 0.0000000
parentContactNormal 0.0000000 0.0000000 0.0000000
parentOffset 0.0000000 0.0000000 0.0000000
scale 3.9190319
scale 0.7264501
scale 1.6873000
transform -3.9190319 0.0000000 0.0000000 0.0000000 -0.0000000 -0.7264501 0.0000000 0.0000000 0.0000000 0.0000000 1.6873000 0.0000000 234.3467409 41.6531665 0.0000000 1.0000000
newModel 3 a49d69c86f512f5d28783a5eb7743d5f
parentIndex 0
children
parentMaterialGroupIndex 0
parentTriangleIndex 0
parentUV 0.0000000 0.0000000
parentContactPosition 0.0000000 0.0000000 0.0000000
parentContactNormal 0.0000000 0.0000000 0.0000000
parentOffset 0.0000000 0.0000000 0.0000000
scale 2.1854047
scale 2.5109317
scale 1.3682499
transform 0.0000000 -2.5109317 0.0000000 0.0000000 2.1854047 0.0000000 0.0000000 0.0000000 0.0000000 0.0000000 1.3682499 0.0000000 167.8410231 141.4110826 0.0000000 1.0000000
newModel 4 a238b2f6f5e2cf66c77016426fd9cf48
parentIndex 2
children
parentMaterialGroupIndex 0
parentTriangleIndex 0
parentUV 0.0000000 0.0000000
parentContactPosition 0.0000000 0.0000000 0.0000000
parentContactNormal 0.0000000 0.0000000 0.0000000
parentOffset 0.0000000 0.0000000 0.0000000
scale 0.0603416
scale 0.0473023
scale 0.1577743
transform 0.0603416 -0.0000000 0.0000000 0.0000000 0.0000000 0.0473023 0.0000000 0.0000000 0.0000000 0.0000000 0.1577743 0.0000000 184.5042361 18.7900034 47.8655588 1.0000000
newModel 5 e101cc44ead036294bc79c881a0e818b
parentIndex 2
children
parentMaterialGroupIndex 0
parentTriangleIndex 0
parentUV 0.0000000 0.0000000
parentContactPosition 0.0000000 0.0000000 0.0000000
parentContactNormal 0.0000000 0.0000000 0.0000000
parentOffset 0.0000000 0.0000000 0.0000000
scale 1.8979800
scale 1.8979800
scale 1.8979800
transform 1.8979800 -0.0000000 0.0000000 0.0000000 0.0000000 1.8979800 0.0000000 0.0000000 0.0000000 0.0000000 1.8979800 0.0000000 193.5415212 18.3260851 47.0071525 1.0000000
