StanfordSceneDatabase
version 1.0
modelCount 13
newModel 0 room01
parentIndex -1
children 1 2 3 4 5 6
parentMaterialGroupIndex 0
parentTriangleIndex 0
parentUV 0.0000000 0.0000000
parentContactPosition 0.0000000 0.0000000 0.0000000
parentContactNormal 0.0000000 0.0000000 0.0000000
parentOffset 0.0000000 0.0000000 0.0000000
scale 1.2054244
scale 1.2345679
scale 1.0000000
transform 0.0000000 -1.2345679 0.0000000 0.0000000 1.2054244 0.0000000 0.0000000 0.0000000 0.0000000 0.0000000 1.0000000 0.0000000 3.5409342 299.9228395 0.0000000 1.0000000
newModel 1 f2518339da2a64ea5e87e18e0a88e78f
parentIndex 0
children
parentMaterialGroupIndex 0
parentTriangleIndex 0
parentUV 0.0000000 0.0000000
parentContactPosition 0.0000000 0.0000000 0.0000000
parentContactNormal 0.0000000 0.0000000 0.0000000
parentOffset 0.0000000 0.0000000 0.0000000
scale 0.9972116
scale 0.9306659
scale 1.1623523
transform 0.9972116 -0.0000000 0.0000000 0.0000000 0.0000000 0.9306659 0.0000000 0.0000000 0.0000000 0.0000000 1.1623523 0.0000000 74.8524339 147.4372575 0.0000000 1.0000000
newModel 2 569e2fce2f1ab3be617e9d9aa36a8137
parentIndex 0
children 7 8 9 10
parentMaterialGroupIndex 0
parentTriangleIndex 0
parentUV 0.0000000 0.0000000
parentContactPosition 0.0000000 0.0000000 0.0000000
parentContactNormal 0.0000000 0.0000000 0.0000000
parentOffset 0.0000000 0.0000000 0.0000000
scale 1.4392418
scale 1.2228748
scale 1.5584496
transform 1.4392418 -0.0000000 0.0000000 0.0000000 0.0000000 1.2228748 0.0000000 0.0000000 0.0000000 0.0000000 1.5584496 0.0000000 52.8011659 263.2893151 0.0000000 1.0000000
newModel 3 2168308786e7e2ddf1783a44a88d6274
parentIndex 0
children 11
parentMaterialGroupIndex 0
parentTriangleIndex 0
parentUV 0.0000000 0.0000000
parentContactPosition 0.0000000 0.0000000 0.0000000
parentContactNormal 0.0000000 0.0000000 0.0000000
parentOffset 0.0000000 0.0000000 0.0000000
scale 2.0813378
scale 2.1073891
scale 1.5351097
transform -2.0813378 0.0000000 0.0000000 0.0000000 -0.0000000 -2.1073891 0.0000000 0.0000000 0.0000000 0.0000000 1.5351097 0.0000000 288.2579373 291.9785742 0.0000000 1.0000000
newModel 4 699468993d0ab5cb98d5fc0473d00a1c
parentIndex 0
children 12
parentMaterialGroupIndex 0
parentTriangleIndex 0
parentUV 0.0000000 0.0000000
parentContactPosition 0.0000000 0.0000000 0.0000000
parentContactNormal 0.0000000 0.0000000 0.0000000
parentOffset 0.0000000 0.0000000 0.0000000
scale 1.2209198
scale 1.3131126
scale 0.2548222
transform -1.2209198 0.0000000 0.0000000 0.0000000 -0.0000000 -1.3131126 0.0000000 0.0000000 0.0000000 0.0000000 0.2548222 0.0000000 57.5640194 209.6769776 0.0000000 1.0000000
newModel 5 8ed7309372c7b0dd98d5fc0473d00a1c
parentIndex 0
children
parentMaterialGroupIndex 0
parentTriangleIndex 0
parentUV 0.0000000 0.0000000
parentContactPosition 0.0000000 0.0000000 0.0000000
parentContactNormal 0.0000000 0.0000000 0.0000000
parentOffset 0.0000000 0.0000000 0.0000000
scale 0.8908605
scale 2.0437079
scale 1.1189848
transform 0.0000000 2.0437079 0.0000000 0.0000000 -0.8908605 0.0000000 0.0000000 0.0000000 0.0000000 0.0000000 1.1189848 0.0000000 377.0953837 126.8985511 0.0000000 1.0000000
newModel 6 38b214e6b2122bd46e4dd636980e146a
parentIndex 0
children
parentMaterialGroupIndex 0
parentTriangleIndex 0
parentUV 0.0000000 0.0000000
parentContactPosition 0.0000000 0.0000000 0.0000000
parentContactNormal 0.0000000 0.0000000 0.0000000
parentOffset 0.0000000 0.0000000 0.0000000
scale 1.0062893
scale 2.4806202
scale 1.6144786
transform 0.0000000 2.4806202 0.0000000 0.0000000 -1.0062893 0.0000000 0.0000000 0.0000000 0.0000000 0.0000000 1.6144786 0.0000000 186.7988108 -162.9051149 -3.7809475 1.0000000
newModel 7 e101cc44ead036294bc79c881a0e818b
parentIndex 2
children
parentMaterialGroupIndex 0
parentTriangleIndex 0
parentUV 0.0000000 0.0000000
parentContactPosition 0.0000000 0.0000000 0.0000000
parentContactNormal 0.0000000 0.0000000 0.0000000
parentOffset 0.0000000 0.0000000 0.0000000
scale 1.8979800
scale 1.8979800
scale 1.8979800
transform -1.8979800 0.0000000 0.0000000 0.0000000 -0.0000000 -1.8979800 0.0000000 0.0000000 0.0000000 0.0000000 1.8979800 0.0000000 115.8059688 275.8045259 47.0071525 1.0000000
newModel 8 e101cc44ead036294bc79c881a0e818b
parentIndex 2
children
parentMaterialGroupIndex 0
parentTriangleIndex 0
parentUV 0.0000000 0.0000000
parentContactPosition 0.0000000 0.0000000 0.0000000
parentContactNormal 0.0000000 0.0000000 0.0000000
parentOffset 0.0000000 0.0000000 0.0000000
scale 1.8979800
scale 1.8979800
scale 1.8979800
transform -1.8979800 0.0000000 0.0000000 0.0000000 -0.0000000 -1.8979800 0.0000000 0.0000000 0.0000000 0.0000000 1.8979800 0.0000000 109.8359150 270.1972424 47.0071525 1.0000000
newModel 9 e101cc44ead036294bc79c881a0e818b
parentIndex 2
children
parentMaterialGroupIndex 0
parentTriangleIndex 0
parentUV 0.0000000 0.0000000
parentContactPosition 0.0000000 0.0000000 0.0000000
parentContactNormal 0.0000000 0.0000000 0.0000000
parentOffset 0.0000000 0.0000000 0.0000000
scale 1.8979800
scale 1.8979800
scale 1.8979800
transform -1.8979800 0.0000000 0.0000000 0.0000000 -0.0000000 -1.8979800 0.0000000 0.0000000 0.0000000 0.0000000 1.8979800 0.0000000 89.6321540 276.7457684 47.0071525 1.0000000
newModel 10 da0f6b3a375a7e77e963c7e7c24b8dcd
parentIndex 2
children
parentMaterialGroupIndex 0
parentTriangleIndex 0
parentUV 0.0000000 0.0000000
parentContactPosition 0.0000000 0.0000000 0.0000000
parentContactNormal 0.0000000 0.0000000 0.0000000
parentOffset 0.0000000 0.0000000 0.0000000
scale 1.7166896
scale 2.6791588
scale 2.2190284
transform 1.7166896 -0.0000000 0.0000000 0.0000000 0.0000000 2.6791588 0.0000000 0.0000000 0.0000000 0.0000000 2.2190284 0.0000000 10.6728039 237.5151293 47.7991571 1.0000000
newModel 11 26bb7229b024a8549b0c8289d51d981b
parentIndex 3
children
parentMaterialGroupIndex 0
parentTriangleIndex 0
parentUV 0.0000000 0.0000000
parentContactPosition 0.0000000 0.0000000 0.0000000
parentContactNormal 0.0000000 0.0000000 0.0000000
parentOffset 0.0000000 0.0000000 0.0000000
scale 1.0609062
scale 0.6747923
scale 1.2815661
transform 1.0609062 -0.0000000 0.0000000 0.0000000 0.0000000 0.6747923 0.0000000 0.0000000 0.0000000 0.0000000 1.2815661 0.0000000 213.0869503 247.4655433 39.3371851 1.0000000
newModel 12 a4c14d2008146b61bcab7dd7c7b222d8
parentIndex 4
children
parentMaterialGroupIndex 0
parentTriangleIndex 0
parentUV 0.0000000 0.0000000
parentContactPosition 0.0000000 0.0000000 0.0000000
parentContactNormal 0.0000000 0.0000000 0.0000000
parentOffset 0.0000000 0.0000000 0.0000000
scale 0.1168655
scale 0.1935025
scale 0.1349327
transform -0.1168655 0.0000000 0.0000000 0.0000000 -0.0000000 -0.1935025 0.0000000 0.0000000 0.0000000 0.0000000 0.1349327 0.0000000 95.0463583 16.4140925 29.9250486 1.0000000
