StanfordSceneDatabase
version 1.0
modelCount 22
newModel 0 room00
parentIndex -1
children 1 2 3 4 5 6 7 8 9 10
parentMaterialGroupIndex 0
parentTriangleIndex 0
parentUV 0.0000000 0.0000000
parentContactPosition 0.0000000 0.0000000 0.0000000
parentContactNormal 0.0000000 0.0000000 0.0000000
parentOffset 0.0000000 0.0000000 0.0000000
scale 1.2213740
scale 1.2345679
scale 1.0000000
transform 0.0000000 -1.2345679 0.0000000 0.0000000 1.2213740 0.0000000 0.0000000 0.0000000 0.0000000 0.0000000 1.0000000 0.0000000 1.6030534 301.6203704 0.0000000 1.0000000
newModel 1 215f72973cfa2c9a42c2142b4fb342c8
parentIndex 0
children 11
parentMaterialGroupIndex 0
parentTriangleIndex 0
parentUV 0.0000000 0.0000000
parentContactPosition 0.0000000 0.0000000 0.0000000
parentContactNormal 0.0000000 0.0000000 0.0000000
parentOffset 0.0000000 0.0000000 0.0000000
scale 1.1551100
scale 1.1551100
scale 1.1551100
transform -1.1551100 0.0000000 0.0000000 0.0000000 -0.0000000 -1.1551100 0.0000000 0.0000000 0.0000000 0.0000000 1.1551100 0.0000000 169.1447955 143.1758203 8.8018838 1.0000000
newModel 2 bfe54fe90c7d99637fffc92abe94e907
parentIndex 0
children
parentMaterialGroupIndex 0
parentTriangleIndex 0
parentUV 0.0000000 0.0000000
parentContactPosition 0.0000000 0.0000000 0.0000000
parentContactNormal 0.0000000 0.0000000 0.0000000
parentOffset 0.0000000 0.0000000 0.0000000
scale 1.9379744
scale 1.7051795
scale 1.3154169
transform 1.9379744 -0.0000000 0.0000000 0.0000000 0.0000000 1.7051795 0.0000000 0.0000000 0.0000000 0.0000000 1.3154169 0.0000000 195.7766866 45.6289368 0.0000000 1.0000000
newModel 3 3cca1a0ecf18f8e8ad16cd5787d23a99
parentIndex 0
children
parentMaterialGroupIndex 0
parentTriangleIndex 0
parentUV 0.0000000 0.0000000
parentContactPosition 0.0000000 0.0000000 0.0000000
parentContactNormal 0.0000000 0.0000000 0.0000000
parentOffset 0.0000000 0.0000000 0.0000000
scale 3.1021082
scale 3.1021030
scale 2.3475413
transform 0.0000000 3.1021030 0.0000000 0.0000000 -3.1021082 0.0000000 0.0000000 0.0000000 0.0000000 0.0000000 2.3475413 0.0000000 291.8883752 91.7238792 0.0000000 1.0000000
newModel 4 30f435dd6d37fbdec4b73036ef32ebc6
parentIndex 0
children 12 13 14 15
parentMaterialGroupIndex 0
parentTriangleIndex 0
parentUV 0.0000000 0.0000000
parentContactPosition 0.0000000 0.0000000 0.0000000
parentContactNormal 0.0000000 0.0000000 0.0000000
parentOffset 0.0000000 0.0000000 0.0000000
scale 3.9190319
scale 0.7264501
scale 1.6873000
transform -3.9190319 0.0000000 0.0000000 0.0000000 -0.0000000 -0.7264501 0.0000000 0.0000000 0.0000000 0.0000000 1.6873000 0.0000000 247.8060028 40.4881065 0.0000000 1.0000000
newModel 5 d3f40d8130f6246da260daaa52a3acd8
parentIndex 0
children
parentMaterialGroupIndex 0
parentTriangleIndex 0
parentUV 0.0000000 0.0000000
parentContactPosition 0.0000000 0.0000000 0.0000000
parentContactNormal 0.0000000 0.0000000 0.0000000
parentOffset 0.0000000 0.0000000 0.0000000
scale 1.4638290
scale 0.2897152
scale 1.3244131
transform 1.4638290 -0.0000000 0.0000000 0.0000000 0.0000000 0.2897152 0.0000000 0.0000000 0.0000000 0.0000000 1.3244131 0.0000000 33.2948245 6.9364400 69.0357724 1.0000000
newModel 6 586356e8809b6a678d44b95ca8abc7b2
parentIndex 0
children 16 17 18
parentMaterialGroupIndex 0
parentTriangleIndex 0
parentUV 0.0000000 0.0000000
parentContactPosition 0.0000000 0.0000000 0.0000000
parentContactNormal 0.0000000 0.0000000 0.0000000
parentOffset 0.0000000 0.0000000 0.0000000
scale 1.5702394
scale 1.8537181
scale 0.4718342
transform 1.5702394 -0.0000000 0.0000000 0.0000000 0.0000000 1.8537181 0.0000000 0.0000000 0.0000000 0.0000000 0.4718342 0.0000000 184.9331853 269.0668392 0.0000000 1.0000000
newModel 7 2e22e4ffe7fa6b9998d5fc0473d00a1c
parentIndex 0
children 19
parentMaterialGroupIndex 0
parentTriangleIndex 0
parentUV 0.0000000 0.0000000
parentContactPosition 0.0000000 0.0000000 0.0000000
parentContactNormal 0.0000000 0.0000000 0.0000000
parentOffset 0.0000000 0.0000000 0.0000000
scale 1.1275184
scale 2.0640887
scale 0.7093924
transform 1.1275184 0.0000000 0.0000000 0.0000000 -0.0000000 2.0640887 0.0000000 0.0000000 0.0000000 0.0000000 0.7093924 0.0000000 54.6671907 247.7122625 -0.0000000 1.0000000
newModel 8 18d94e539b0ed30d105e720ebc569399
parentIndex 0
children 20 21
parentMaterialGroupIndex 0
parentTriangleIndex 0
parentUV 0.0000000 0.0000000
parentContactPosition 0.0000000 0.0000000 0.0000000
parentContactNormal 0.0000000 0.0000000 0.0000000
parentOffset 0.0000000 0.0000000 0.0000000
scale 1.4569349
scale 2.6895458
scale 1.6501120
transform -1.4569349 0.0000000 0.0000000 0.0000000 -0.0000000 -2.6895458 0.0000000 0.0000000 0.0000000 0.0000000 1.6501120 0.0000000 50.2229455 53.2414795 36.5526211 1.0000000
newModel 9 af32b6f5a0343c107c35d3c5d3b1fcf7
parentIndex 0
children
parentMaterialGroupIndex 0
parentTriangleIndex 0
parentUV 0.0000000 0.0000000
parentContactPosition 0.0000000 0.0000000 0.0000000
parentContactNormal 0.0000000 0.0000000 0.0000000
parentOffset 0.0000000 0.0000000 0.0000000
scale 0.7153194
scale 0.9629118
scale 0.8834803
transform -0.7153194 0.0000000 0.0000000 0.0000000 -0.0000000 -0.9629118 0.0000000 0.0000000 0.0000000 0.0000000 0.8834803 0.0000000 97.5800560 310.3525468 -0.7730453 1.0000000
newModel 10 c4cb5bcb1a9399ae504721639e19f609
parentIndex 0
children
parentMaterialGroupIndex 0
parentTriangleIndex 0
parentUV 0.0000000 0.0000000
parentContactPosition 0.0000000 0.0000000 0.0000000
parentContactNormal 0.0000000 0.0000000 0.0000000
parentOffset 0.0000000 0.0000000 0.0000000
scale 2.6247867
scale 5.4100942
scale 4.0432724
transform 0.0000000 5.4100942 0.0000000 0.0000000 -2.6247867 0.0000000 0.0000000 0.0000000 0.0000000 0.0000000 4.0432724 0.0000000 41.2625009 110.5051505 2.1926568 1.0000000
newModel 11 86b551bacf67ac442d4ead5a1be351b7
parentIndex 1
children
parentMaterialGroupIndex 0
parentTriangleIndex 0
parentUV 0.0000000 0.0000000
parentContactPosition 0.0000000 0.0000000 0.0000000
parentContactNormal 0.0000000 0.0000000 0.0000000
parentOffset 0.0000000 0.0000000 0.0000000
scale 0.5609909
scale 10.4590007
scale 0.1087856
transform 0.5609909 -0.0000000 0.0000000 0.0000000 0.0000000 10.4590007 0.0000000 0.0000000 0.0000000 0.0000000 0.1087856 0.0000000 38.0451125 -176.9324359 28.7197398 1.0000000
newModel 12 ce798635ececbffd5ac3a75efa13522c
parentIndex 4
children
parentMaterialGroupIndex 0
parentTriangleIndex 0
parentUV 0.0000000 0.0000000
parentContactPosition 0.0000000 0.0000000 0.0000000
parentContactNormal 0.0000000 0.0000000 0.0000000
parentOffset 0.0000000 0.0000000 0.0000000
scale 1.2573176
scale 1.2573159
scale 1.5991602
transform 1.2573176 -0.0000000 0.0000000 0.0000000 0.0000000 1.2573159 0.0000000 0.0000000 0.0000000 0.0000000 1.5991602 0.0000000 158.1698975 1.6493455 47.2444000 1.0000000
newModel 13 3ec8e454858a6aed2513f3510eefb345
parentIndex 4
children
parentMaterialGroupIndex 0
parentTriangleIndex 0
parentUV 0.0000000 0.0000000
parentContactPosition 0.0000000 0.0000000 0.0000000
parentContactNormal 0.0000000 0.0000000 0.0000000
parentOffset 0.0000000 0.0000000 0.0000000
scale 4.2822856
scale 2.1031174
scale 10.2010175
transform 4.2822856 -0.0000000 0.0000000 0.0000000 0.0000000 2.1031174 0.0000000 0.0000000 0.0000000 0.0000000 10.2010175 0.0000000 110.6301352 -14.4487812 48.8839585 1.0000000
newModel 14 225d37286bed9bb9dbf53b03c847b004
parentIndex 4
children
parentMaterialGroupIndex 0
parentTriangleIndex 0
parentUV 0.0000000 0.0000000
parentContactPosition 0.0000000 0.0000000 0.0000000
parentContactNormal 0.0000000 0.0000000 0.0000000
parentOffset 0.0000000 0.0000000 0.0000000
scale 1.2621800
scale 1.1589903
scale 1.5120907
transform -1.2621800 0.0000000 0.0000000 0.0000000 -0.0000000 -1.1589903 0.0000000 0.0000000 0.0000000 0.0000000 1.5120907 0.0000000 324.0533883 63.9091088 2.0006812 1.0000000
newModel 15 5e67380e99a257814e5292217a77cd7
parentIndex 4
children
parentMaterialGroupIndex 0
parentTriangleIndex 0
parentUV 0.0000000 0.0000000
parentContactPosition 0.0000000 0.0000000 0.0000000
parentContactNormal 0.0000000 0.0000000 0.0000000
parentOffset 0.0000000 0.0000000 0.0000000
scale 0.0195567
scale 0.0185995
scale 0.0330870
transform 0.0195567 -0.0000000 0.0000000 0.0000000 0.0000000 0.0185995 0.0000000 0.0000000 0.0000000 0.0000000 0.0330870 0.0000000 214.4585974 4.6245072 47.2960435 1.0000000
newModel 16 80b66058b5cc420261179e7ef17bf7b5
parentIndex 6
children
parentMaterialGroupIndex 0
parentTriangleIndex 0
parentUV 0.0000000 0.0000000
parentContactPosition 0.0000000 0.0000000 0.0000000
parentContactNormal 0.0000000 0.0000000 0.0000000
parentOffset 0.0000000 0.0000000 0.0000000
scale 0.0107643
scale 0.0107643
scale 0.0095215
transform -0.0107643 0.0000000 0.0000000 0.0000000 -0.0000000 -0.0107643 0.0000000 0.0000000 0.0000000 0.0000000 0.0095215 0.0000000 201.6919401 296.5039572 16.7964805 1.0000000
newModel 17 459e81b89a4b2fd7f29c5890b07f3a65
parentIndex 6
children
parentMaterialGroupIndex 0
parentTriangleIndex 0
parentUV 0.0000000 0.0000000
parentContactPosition 0.0000000 0.0000000 0.0000000
parentContactNormal 0.0000000 0.0000000 0.0000000
parentOffset 0.0000000 0.0000000 0.0000000
scale 5.2527120
scale 1.8762358
scale 4.9218047
transform 5.2527120 -0.0000000 0.0000000 0.0000000 0.0000000 1.8762358 0.0000000 0.0000000 0.0000000 0.0000000 4.9218047 0.0000000 183.8555666 285.3156410 19.7737936 1.0000000
newModel 18 72035b31030524aaa0bb41a7cd462066
parentIndex 6
children
parentMaterialGroupIndex 0
parentTriangleIndex 0
parentUV 0.0000000 0.0000000
parentContactPosition 0.0000000 0.0000000 0.0000000
parentContactNormal 0.0000000 0.0000000 0.0000000
parentOffset 0.0000000 0.0000000 0.0000000
scale 1.9686750
scale 0.3621893
scale 2.4433668
transform 1.9686750 0.0000000 0.0000000 0.0000000 -0.0000000 0.3621893 0.0000000 0.0000000 0.0000000 0.0000000 2.4433668 0.0000000 217.6477508 281.5323811 20.2998461 1.0000000
newModel 19 80968124315c8b131f6a5b0146bf3030
parentIndex 7
children
parentMaterialGroupIndex 0
parentTriangleIndex 0
parentUV 0.0000000 0.0000000
parentContactPosition 0.0000000 0.0000000 0.0000000
parentContactNormal 0.0000000 0.0000000 0.0000000
parentOffset 0.0000000 0.0000000 0.0000000
scale 0.8782325
scale 1.4939745
scale 0.9255455
transform 0.8782325 -0.0000000 0.0000000 0.0000000 0.0000000 1.4939745 0.0000000 0.0000000 0.0000000 0.0000000 0.9255455 0.0000000 97.5340661 266.8700245 53.0647500 1.0000000
newModel 20 37a0450d563c75fee6fd37924022d82
parentIndex 8
children
parentMaterialGroupIndex 0
parentTriangleIndex 0
parentUV 0.0000000 0.0000000
parentContactPosition 0.0000000 0.0000000 0.0000000
parentContactNormal 0.0000000 0.0000000 0.0000000
parentOffset 0.0000000 0.0000000 0.0000000
scale 1.0133500
scale 1.0133500
scale 1.0133500
transform 1.0133500 -0.0000000 0.0000000 0.0000000 0.0000000 1.0133500 0.0000000 0.0000000 0.0000000 0.0000000 1.0133500 0.0000000 -56.8227926 24.7761753 25.2262864 1.0000000
newModel 21 6753572868705eacdd043998582f5fa
parentIndex 8
children
parentMaterialGroupIndex 0
parentTriangleIndex 0
parentUV 0.0000000 0.0000000
parentContactPosition 0.0000000 0.0000000 0.0000000
parentContactNormal 0.0000000 0.0000000 0.0000000
parentOffset 0.0000000 0.0000000 0.0000000
scale 4.0000000
scale 2.2061841
scale 4.1751329
transform -4.0000000 0.0000000 0.0000000 0.0000000 -0.0000000 -2.2061841 0.0000000 0.0000000 0.0000000 0.0000000 4.1751329 0.0000000 43.6028704 34.1060624 39.3371851 1.0000000
