StanfordSceneDatabase
version 1.0
modelCount 6
newModel 0 room06
parentIndex -1
children 1 2 3
parentMaterialGroupIndex 0
parentTriangleIndex 0
parentUV 0.0000000 0.0000000
parentContactPosition 0.0000000 0.0000000 0.0000000
parentContactNormal 0.0000000 0.0000000 0.0000000
parentOffset 0.0000000 0.0000000 0.0000000
scale 1.4201616
scale 1.4865591
scale 1.0209175
transform 0.0000000 -1.4865591 0.0000000 0.0000000 1.4201616 0.0000000 0.0000000 0.0000000 0.0000000 0.0000000 1.0209175 0.0000000 4.0474604 544.3036290 0.0000000 1.0000000
newModel 1 f2518339da2a64ea5e87e18e0a88e78f
parentIndex 0
children
parentMaterialGroupIndex 0
parentTriangleIndex 0
parentUV 0.0000000 0.0000000
parentContactPosition 0.0000000 0.0000000 0.0000000
parentContactNormal 0.0000000 0.0000000 0.0000000
parentOffset 0.0000000 0.0000000 0.0000000
scale 0.9972116
scale 0.9306659
scale 1.1623523
transform -0.9972116 0.0000000 0.0000000 0.0000000 -0.0000000 -0.9306659 0.0000000 0.0000000 0.0000000 0.0000000 1.1623523 0.0000000 275.9443659 285.5385941 0.0000000 1.0000000
newModel 2 8cf336ee067253da60fe7f3536df936c
parentIndex 0
children
parentMaterialGroupIndex 0
parentTriangleIndex 0
parentUV 0.0000000 0.0000000
parentContactPosition 0.0000000 0.0000000 0.0000000
parentContactNormal 0.0000000 0.0000000 0.0000000
parentOffset 0.0000000 0.0000000 0.0000000
scale 1.9050869
scale 0.7957556
scale 0.8448119
transform 1.9050869 -0.0000000 0.0000000 0.0000000 0.0000000 0.7957556 0.0000000 0.0000000 0.0000000 0.0000000 0.8448119 0.0000000 60.1458635 -24.8300727 0.0000000 1.0000000
newModel 3 5ce562e0632b7e81d8e3889d90601dd1
parentIndex 0
children 4 5
parentMaterialGroupIndex 0
parentTriangleIndex 0
parentUV 0.0000000 0.0000000
parentContactPosition 0.0000000 0.0000000 0.0000000
parentContactNormal 0.0000000 0.0000000 0.0000000
parentOffset 0.0000000 0.0000000 0.0000000
scale 1.4835261
scale 1.3285346
scale 1.7142940
transform 0.0000000 1.3285346 0.0000000 0.0000000 -1.4835261 0.0000000 0.0000000 0.0000000 0.0000000 0.0000000 1.7142940 0.0000000 245.5205191 58.0611069 0.0000000 1.0000000
newModel 4 e638a71884250ab45e723252788c3d6e
parentIndex 3
children
parentMaterialGroupIndex 0
parentTriangleIndex 0
parentUV 0.0000000 0.0000000
parentContactPosition 0.0000000 0.0000000 0.0000000
parentContactNormal 0.0000000 0.0000000 0.0000000
parentOffset 0.0000000 0.0000000 0.0000000
scale 2.1119871
scale 1.3341573
scale 1.0038245
transform -2.1119871 0.0000000 0.0000000 0.0000000 -0.0000000 -1.3341573 0.0000000 0.0000000 0.0000000 0.0000000 1.0038245 0.0000000 335.7280184 140.8726316 47.2444000 1.0000000
newModel 5 e101cc44ead036294bc79c881a0e818b
parentIndex 3
children
parentMaterialGroupIndex 0
parentTriangleIndex 0
parentUV 0.0000000 0.0000000
parentContactPosition 0.0000000 0.0000000 0.0000000
parentContactNormal 0.0000000 0.0000000 0.0000000
parentOffset 0.0000000 0.0000000 0.0000000
scale 1.8979800
scale 1.8979800
scale 1.8979800
transform 0.0000000 1.8979800 0.0000000 0.0000000 -1.8979800 0.0000000 0.0000000 0.0000000 0.0000000 0.0000000 1.8979800 0.0000000 226.5424828 80.7901630 47.0071525 1.0000000
