StanfordSceneDatabase
version 1.0
modelCount 10
newModel 0 room08
parentIndex -1
children 1 2 3 4 5
parentMaterialGroupIndex 0
parentTriangleIndex 0
parentUV 0.0000000 0.0000000
parentContactPosition 0.0000000 0.0000000 0.0000000
parentContactNormal 0.0000000 0.0000000 0.0000000
parentOffset 0.0000000 0.0000000 0.0000000
scale 1.0720488
scale 1.1378601
scale 1.0000000
transform 1.0720488 -0.0000000 0.0000000 0.0000000 0.0000000 1.1378601 0.0000000 0.0000000 0.0000000 0.0000000 1.0000000 0.0000000 -8.8620000 -16.7500000 0.0000000 1.0000000
newModel 1 215f72973cfa2c9a42c2142b4fb342c8
parentIndex 0
children
parentMaterialGroupIndex 0
parentTriangleIndex 0
parentUV 0.0000000 0.0000000
parentContactPosition 0.0000000 0.0000000 0.0000000
parentContactNormal 0.0000000 0.0000000 0.0000000
parentOffset 0.0000000 0.0000000 0.0000000
scale 1.1551100
scale 1.1551100
scale 1.1551100
transform -0.0000000 -1.1551100 0.0000000 0.0000000 1.1551100 -0.0000000 0.0000000 0.0000000 0.0000000 0.0000000 1.1551100 0.0000000 101.7187151 178.2052833 6.9306600 1.0000000
newModel 2 1ac1d0986508974bf1783a44a88d6274
parentIndex 0
children 6
parentMaterialGroupIndex 0
parentTriangleIndex 0
parentUV 0.0000000 0.0000000
parentContactPosition 0.0000000 0.0000000 0.0000000
parentContactNormal 0.0000000 0.0000000 0.0000000
parentOffset 0.0000000 0.0000000 0.0000000
scale 2.0813378
scale 2.2127586
scale 1.5351097
transform 0.0000000 2.2127586 0.0000000 0.0000000 -2.0813378 0.0000000 0.0000000 0.0000000 0.0000000 0.0000000 1.5351097 0.0000000 235.2962203 21.4830077 0.0000000 1.0000000
newModel 3 1ac1d0986508974bf1783a44a88d6274
parentIndex 0
children 7
parentMaterialGroupIndex 0
parentTriangleIndex 0
parentUV 0.0000000 0.0000000
parentContactPosition 0.0000000 0.0000000 0.0000000
parentContactNormal 0.0000000 0.0000000 0.0000000
parentOffset 0.0000000 0.0000000 0.0000000
scale 2.0813378
scale 2.2127586
scale 1.5351097
transform 0.0000000 2.2127586 0.0000000 0.0000000 -2.0813378 0.0000000 0.0000000 0.0000000 0.0000000 0.0000000 1.5351097 0.0000000 241.3998150 188.5732312 0.0000000 1.0000000
newModel 4 2b9d60c74bc0d18ad8eae9bce48bbeed
parentIndex 0
children 8 9
parentMaterialGroupIndex 0
parentTriangleIndex 0
parentUV 0.0000000 0.0000000
parentContactPosition 0.0000000 0.0000000 0.0000000
parentContactNormal 0.0000000 0.0000000 0.0000000
parentOffset 0.0000000 0.0000000 0.0000000
scale 3.1907167
scale 3.3333854
scale 2.2920534
transform 3.1907167 -0.0000000 0.0000000 0.0000000 0.0000000 3.3333854 0.0000000 0.0000000 0.0000000 0.0000000 2.2920534 0.0000000 -80.4384236 198.2018384 80.0000000 1.0000000
newModel 5 e9ae2826a56f6cc8e3bc44bb1006d615
parentIndex 0
children
parentMaterialGroupIndex 0
parentTriangleIndex 0
parentUV 0.0000000 0.0000000
parentContactPosition 0.0000000 0.0000000 0.0000000
parentContactNormal 0.0000000 0.0000000 0.0000000
parentOffset 0.0000000 0.0000000 0.0000000
scale 0.6889782
scale 0.9511689
scale 0.7865585
transform 0.0000000 0.9511689 0.0000000 0.0000000 -0.6889782 0.0000000 0.0000000 0.0000000 0.0000000 0.0000000 0.7865585 0.0000000 6.0108567 108.8241386 0.0041007 1.0000000
newModel 6 26bb7229b024a8549b0c8289d51d981b
parentIndex 2
children
parentMaterialGroupIndex 0
parentTriangleIndex 0
parentUV 0.0000000 0.0000000
parentContactPosition 0.0000000 0.0000000 0.0000000
parentContactNormal 0.0000000 0.0000000 0.0000000
parentOffset 0.0000000 0.0000000 0.0000000
scale 1.0609062
scale 0.6747923
scale 1.2815661
transform -0.0000000 -0.6747923 0.0000000 0.0000000 1.0609062 -0.0000000 0.0000000 0.0000000 0.0000000 0.0000000 1.2815661 0.0000000 169.1482145 85.0283881 39.3371851 1.0000000
newModel 7 26bb7229b024a8549b0c8289d51d981b
parentIndex 3
children
parentMaterialGroupIndex 0
parentTriangleIndex 0
parentUV 0.0000000 0.0000000
parentContactPosition 0.0000000 0.0000000 0.0000000
parentContactNormal 0.0000000 0.0000000 0.0000000
parentOffset 0.0000000 0.0000000 0.0000000
scale 1.0609062
scale 0.6747923
scale 1.2815661
transform -0.0000000 -0.6747923 0.0000000 0.0000000 1.0609062 -0.0000000 0.0000000 0.0000000 0.0000000 0.0000000 1.2815661 0.0000000 176.4704391 245.1892730 39.3371851 1.0000000
newModel 8 af19712d1a16cb59dc0dec45107520e9
parentIndex 4
children
parentMaterialGroupIndex 0
parentTriangleIndex 0
parentUV 0.0000000 0.0000000
parentContactPosition 0.0000000 0.0000000 0.0000000
parentContactNormal 0.0000000 0.0000000 0.0000000
parentOffset 0.0000000 0.0000000 0.0000000
scale 1.5665148
scale 1.4668784
scale 2.5065886
transform -1.5665148 0.0000000 0.0000000 0.0000000 -0.0000000 -1.4668784 0.0000000 0.0000000 0.0000000 0.0000000 2.5065886 0.0000000 204.5025273 229.8104250 100.0647500 1.0000000
newModel 9 a7ce5adc817940ab7eb50173c6da3ca0
parentIndex 4
children
parentMaterialGroupIndex 0
parentTriangleIndex 0
parentUV 0.0000000 0.0000000
parentContactPosition 0.0000000 0.0000000 0.0000000
parentContactNormal 0.0000000 0.0000000 0.0000000
parentOffset 0.0000000 0.0000000 0.0000000
scale 0.6595584
scale 0.2426110
scale 0.7016721
transform 0.6595584 -0.0000000 0.0000000 0.0000000 0.0000000 0.2426110 0.0000000 0.0000000 0.0000000 0.0000000 0.7016721 0.0000000 174.8926237 217.3542296 100.4155861 1.0000000
