StanfordSceneDatabase
version 1.0
modelCount 8
newModel 0 room02
parentIndex -1
children 1 2 3 4
parentMaterialGroupIndex 0
parentTriangleIndex 0
parentUV 0.0000000 0.0000000
parentContactPosition 0.0000000 0.0000000 0.0000000
parentContactNormal 0.0000000 0.0000000 0.0000000
parentOffset 0.0000000 0.0000000 0.0000000
scale 3.9758468
transform 3.9758468 0.0000000 0.0000000 0.0000000 0.0000000 3.9758468 0.0000000 0.0000000 0.0000000 0.0000000 3.9758468 0.0000000 0.0000000 0.0000000 0.0000000 1.0000000
newModel 1 4b62e46f46ab7d5f37445e82d5b75b1
parentIndex 0
children 5 6 7
parentMaterialGroupIndex 0
parentTriangleIndex 0
parentUV 0.0000000 0.0000000
parentContactPosition 0.0000000 0.0000000 0.0000000
parentContactNormal 0.0000000 0.0000000 0.0000000
parentOffset 0.0000000 0.0000000 0.0000000
scale 2.3894086
transform 2.3894086 0.0000000 0.0000000 0.0000000 0.0000000 2.3894086 0.0000000 0.0000000 0.0000000 0.0000000 2.3894086 0.0000000 417.6792158 373.2986177 0.0000000 1.0000000
newModel 2 4b62e46f46ab7d5f37445e82d5b75b1
parentIndex 0
children
parentMaterialGroupIndex 0
parentTriangleIndex 0
parentUV 0.0000000 0.0000000
parentContactPosition 0.0000000 0.0000000 0.0000000
parentContactNormal 0.0000000 0.0000000 0.0000000
parentOffset 0.0000000 0.0000000 0.0000000
scale 2.3894086
transform 2.3894086 0.0000000 0.0000000 0.0000000 0.0000000 2.3894086 0.0000000 0.0000000 0.0000000 0.0000000 2.3894086 0.0000000 609.6803494 348.6385612 0.0000000 1.0000000
newModel 3 a49eec529b5c44eaac00fd1150223027
parentIndex 0
children
parentMaterialGroupIndex 0
parentTriangleIndex 0
parentUV 0.0000000 0.0000000
parentContactPosition 0.0000000 0.0000000 0.0000000
parentContactNormal 0.0000000 0.0000000 0.0000000
parentOffset 0.0000000 0.0000000 0.0000000
scale 1.4484322
transform 1.4484322 0.0000000 0.0000000 0.0000000 0.0000000 1.4484322 0.0000000 0.0000000 0.0000000 0.0000000 1.4484322 0.0000000 534.3922458 256.4125330 0.0000000 1.0000000
newModel 4 fe9f0ed546b8cdc48cbce817c3e70eb4
parentIndex 0
children
parentMaterialGroupIndex 0
parentTriangleIndex 0
parentUV 0.0000000 0.0000000
parentContactPosition 0.0000000 0.0000000 0.0000000
parentContactNormal 0.0000000 0.0000000 0.0000000
parentOffset 0.0000000 0.0000000 0.0000000
scale 0.9673197
transform 0.9673197 0.0000000 0.0000000 0.0000000 0.0000000 0.9673197 0.0000000 0.0000000 0.0000000 0.0000000 0.9673197 0.0000000 220.7031995 387.5948985 0.0000000 1.0000000
newModel 5 bb720e7949efc9abe4406b3bf37e6ffe
parentIndex 1
children
parentMaterialGroupIndex 0
parentTriangleIndex 0
parentUV 0.0000000 0.0000000
parentContactPosition 0.0000000 0.0000000 0.0000000
parentContactNormal 0.0000000 0.0000000 0.0000000
parentOffset 0.0000000 0.0000000 0.0000000
scale 3.1433560
transform 3.1433560 0.0000000 0.0000000 0.0000000 0.0000000 3.1433560 0.0000000 0.0000000 0.0000000 0.0000000 3.1433560 0.0000000 671.6031473 472.3025653 130.0098469 1.0000000
newModel 6 bb720e7949efc9abe4406b3bf37e6ffe
parentIndex 1
children
parentMaterialGroupIndex 0
parentTriangleIndex 0
parentUV 0.0000000 0.0000000
parentContactPosition 0.0000000 0.0000000 0.0000000
parentContactNormal 0.0000000 0.0000000 0.0000000
parentOffset 0.0000000 0.0000000 0.0000000
scale 3.1433560
transform 3.1433560 0.0000000 0.0000000 0.0000000 0.0000000 3.1433560 0.0000000 0.0000000 0.0000000 0.0000000 3.1433560 0.0000000 364.3636506 331.6673165 130.0098469 1.0000000
newModel 7 bb720e7949efc9abe4406b3bf37e6ffe
parentIndex 1
children
parentMaterialGroupIndex 0
parentTriangleIndex 0
parentUV 0.0000000 0.0000000
parentContactPosition 0.0000000 0.0000000 0.0000000
parentContactNormal 0.0000000 0.0000000 0.0000000
parentOffset 0.0000000 0.0000000 0.0000000
scale 3.1433560
transform 3.1433560 0.0000000 0.0000000 0.0000000 0.0000000 3.1433560 0.0000000 0.0000000 0.0000000 0.0000000 3.1433560 0.0000000 271.8490488 284.8908519 130.0098469 1.0000000
