StanfordSceneDatabase
version 1.0
modelCount 5
newModel 0 room02
parentIndex -1
children 1 2 3
parentMaterialGroupIndex 0
parentTriangleIndex 0
parentUV 0.0000000 0.0000000
parentContactPosition 0.0000000 0.0000000 0.0000000
parentContactNormal 0.0000000 0.0000000 0.0000000
parentOffset 0.0000000 0.0000000 0.0000000
scale 3.9758468
transform 3.9758468 0.0000000 0.0000000 0.0000000 0.0000000 3.9758468 0.0000000 0.0000000 0.0000000 0.0000000 3.9758468 0.0000000 0.0000000 0.0000000 0.0000000 1.0000000
newModel 1 4b62e46f46ab7d5f37445e82d5b75b1
parentIndex 0
children
parentMaterialGroupIndex 0
parentTriangleIndex 0
parentUV 0.0000000 0.0000000
parentContactPosition 0.0000000 0.0000000 0.0000000
parentContactNormal 0.0000000 0.0000000 0.0000000
parentOffset 0.0000000 0.0000000 0.0000000
scale 2.3894086
transform 2.3894086 0.0000000 0.0000000 0.0000000 0.0000000 2.3894086 0.0000000 0.0000000 0.0000000 0.0000000 2.3894086 0.0000000 417.6792158 373.2986177 0.0000000 1.0000000
newModel 2 4b62e46f46ab7d5f37445e82d5b75b1
parentIndex 0
children
parentMaterialGroupIndex 0
parentTriangleIndex 0
parentUV 0.0000000 0.0000000
parentContactPosition 0.0000000 0.0000000 0.0000000
parentContactNormal 0.0000000 0.0000000 0.0000000
parentOffset 0.0000000 0.0000000 0.0000000
scale 2.3894086
transform 2.3894086 0.0000000 0.0000000 0.0000000 0.0000000 2.3894086 0.0000000 0.0000000 0.0000000 0.0000000 2.3894086 0.0000000 460.8009423 632.7079317 0.0000000 1.0000000
newModel 3 a49eec529b5c44eaac00fd1150223027
parentIndex 0
children 4
parentMaterialGroupIndex 0
parentTriangleIndex 0
parentUV 0.0000000 0.0000000
parentContactPosition 0.0000000 0.0000000 0.0000000
parentContactNormal 0.0000000 0.0000000 0.0000000
parentOffset 0.0000000 0.0000000 0.0000000
scale 1.4484322
transform 1.4484322 0.0000000 0.0000000 0.0000000 0.0000000 1.4484322 0.0000000 0.0000000 0.0000000 0.0000000 1.4484322 0.0000000 611.4707478 543.5433061 0.0000000 1.0000000
newModel 4 fe9f0ed546b8cdc48cbce817c3e70eb4
parentIndex 3
children
parentMaterialGroupIndex 0
parentTriangleIndex 0
parentUV 0.0000000 0.0000000
parentContactPosition 0.0000000 0.0000000 0.0000000
parentContactNormal 0.0000000 0.0000000 0.0000000
parentOffset 0.0000000 0.0000000 0.0000000
scale 0.9673197
transform 0.9673197 0.0000000 0.0000000 0.0000000 0.0000000 0.9673197 0.0000000 0.0000000 0.0000000 0.0000000 0.9673197 0.0000000 524.5295921 546.8151482 90.5270100 1.0000000
