StanfordSceneDatabase
version 1.0
modelCount 29
newModel 0 room00
parentIndex -1
children 1 2 3 4 5 6 7 8 9 10 11 12 13 14 15 16
parentMaterialGroupIndex 0
parentTriangleIndex 0
parentUV 0.0000000 0.0000000
parentContactPosition 0.0000000 0.0000000 0.0000000
parentContactNormal 0.0000000 0.0000000 0.0000000
parentOffset 0.0000000 0.0000000 0.0000000
scale 3.9996967
transform 3.9996967 0.0000000 0.0000000 0.0000000 0.0000000 3.9996967 0.0000000 0.0000000 0.0000000 0.0000000 3.9996967 0.0000000 0.0000000 0.0000000 0.0000000 1.0000000
newModel 1 c0b76f006237ccd3e0e89fd83955713c
parentIndex 0
children
parentMaterialGroupIndex 0
parentTriangleIndex 0
parentUV 0.0000000 0.0000000
parentContactPosition 0.0000000 0.0000000 0.0000000
parentContactNormal 0.0000000 0.0000000 0.0000000
parentOffset 0.0000000 0.0000000 0.0000000
scale 2.9945290
transform 2.9945290 0.0000000 0.0000000 0.0000000 0.0000000 2.9945290 0.0000000 0.0000000 0.0000000 0.0000000 2.9945290 0.0000000 -1197.9561693 426.9635879 -0.0000000 1.0000000
newModel 2 c0b76f006237ccd3e0e89fd83955713c
parentIndex 0
children 17 18 19
parentMaterialGroupIndex 0
parentTriangleIndex 0
parentUV 0.0000000 0.0000000
parentContactPosition 0.0000000 0.0000000 0.0000000
parentContactNormal 0.0000000 0.0000000 0.0000000
parentOffset 0.0000000 0.0000000 0.0000000
scale 2.9945290
transform 2.9945290 0.0000000 0.0000000 0.0000000 0.0000000 2.9945290 0.0000000 0.0000000 0.0000000 0.0000000 2.9945290 0.0000000 -1141.2057813 731.8627494 -0.0000000 1.0000000
newModel 3 f282330fca04d402f91663a74ccd2338
parentIndex 0
children
parentMaterialGroupIndex 0
parentTriangleIndex 0
parentUV 0.0000000 0.0000000
parentContactPosition 0.0000000 0.0000000 0.0000000
parentContactNormal 0.0000000 0.0000000 0.0000000
parentOffset 0.0000000 0.0000000 0.0000000
scale 2.7849731
transform 2.7849731 0.0000000 0.0000000 0.0000000 0.0000000 2.7849731 0.0000000 0.0000000 0.0000000 0.0000000 2.7849731 0.0000000 696.2547850 625.3462980 0.4663939 1.0000000
newModel 4 f282330fca04d402f91663a74ccd2338
parentIndex 0
children
parentMaterialGroupIndex 0
parentTriangleIndex 0
parentUV 0.0000000 0.0000000
parentContactPosition 0.0000000 0.0000000 0.0000000
parentContactNormal 0.0000000 0.0000000 0.0000000
parentOffset 0.0000000 0.0000000 0.0000000
scale 2.7849731
transform 2.7849731 0.0000000 0.0000000 0.0000000 0.0000000 2.7849731 0.0000000 0.0000000 0.0000000 0.0000000 2.7849731 0.0000000 612.0536271 510.7810362 0.4663939 1.0000000
newModel 5 8cf336ee067253da60fe7f3536df936c
parentIndex 0
children 20
parentMaterialGroupIndex 0
parentTriangleIndex 0
parentUV 0.0000000 0.0000000
parentContactPosition 0.0000000 0.0000000 0.0000000
parentContactNormal 0.0000000 0.0000000 0.0000000
parentOffset 0.0000000 0.0000000 0.0000000
scale 1.9788008
transform 1.9788008 0.0000000 0.0000000 0.0000000 0.0000000 1.9788008 0.0000000 0.0000000 0.0000000 0.0000000 1.9788008 0.0000000 309.4321577 590.1346559 0.0000000 1.0000000
newModel 6 699468993d0ab5cb98d5fc0473d00a1c
parentIndex 0
children 25 26
parentMaterialGroupIndex 0
parentTriangleIndex 0
parentUV 0.0000000 0.0000000
parentContactPosition 0.0000000 0.0000000 0.0000000
parentContactNormal 0.0000000 0.0000000 0.0000000
parentOffset 0.0000000 0.0000000 0.0000000
scale 1.9606621
transform 1.9606621 0.0000000 0.0000000 0.0000000 0.0000000 1.9606621 0.0000000 0.0000000 0.0000000 0.0000000 1.9606621 0.0000000 482.6730306 503.4504177 0.0000000 1.0000000
newModel 7 c19963eec8f2851c526e373e8623ccb7
parentIndex 0
children
parentMaterialGroupIndex 0
parentTriangleIndex 0
parentUV 0.0000000 0.0000000
parentContactPosition 0.0000000 0.0000000 0.0000000
parentContactNormal 0.0000000 0.0000000 0.0000000
parentOffset 0.0000000 0.0000000 0.0000000
scale 2.1141059
transform 2.1141059 0.0000000 0.0000000 0.0000000 0.0000000 2.1141059 0.0000000 0.0000000 0.0000000 0.0000000 2.1141059 0.0000000 710.9181860 -168.3742153 0.0000000 1.0000000
newModel 8 2bd3ebdfde8d0440bd0beb7c8bc640fc
parentIndex 0
children 21 22 23 24
parentMaterialGroupIndex 0
parentTriangleIndex 0
parentUV 0.0000000 0.0000000
parentContactPosition 0.0000000 0.0000000 0.0000000
parentContactNormal 0.0000000 0.0000000 0.0000000
parentOffset 0.0000000 0.0000000 0.0000000
scale 2.3995983
transform 2.3995983 0.0000000 0.0000000 0.0000000 0.0000000 2.3995983 0.0000000 0.0000000 0.0000000 0.0000000 2.3995983 0.0000000 748.3530648 128.7611909 0.0000000 1.0000000
newModel 9 75fe06475f7b7241920de219c00d1c3b
parentIndex 0
children
parentMaterialGroupIndex 0
parentTriangleIndex 0
parentUV 0.0000000 0.0000000
parentContactPosition 0.0000000 0.0000000 0.0000000
parentContactNormal 0.0000000 0.0000000 0.0000000
parentOffset 0.0000000 0.0000000 0.0000000
scale 5.2054228
transform 5.2054228 0.0000000 0.0000000 0.0000000 0.0000000 5.2054228 0.0000000 0.0000000 0.0000000 0.0000000 5.2054228 0.0000000 393.2043892 816.5842268 0.0000000 1.0000000
newModel 10 e6a188bbf8315d11f1783a44a88d6274
parentIndex 0
children
parentMaterialGroupIndex 0
parentTriangleIndex 0
parentUV 0.0000000 0.0000000
parentContactPosition 0.0000000 0.0000000 0.0000000
parentContactNormal 0.0000000 0.0000000 0.0000000
parentOffset 0.0000000 0.0000000 0.0000000
scale 1.6305798
transform 1.6305798 0.0000000 0.0000000 0.0000000 0.0000000 1.6305798 0.0000000 0.0000000 0.0000000 0.0000000 1.6305798 0.0000000 666.4250335 789.3784627 0.0000000 1.0000000
newModel 11 1ac1d0986508974bf1783a44a88d6274
parentIndex 0
children 27
parentMaterialGroupIndex 0
parentTriangleIndex 0
parentUV 0.0000000 0.0000000
parentContactPosition 0.0000000 0.0000000 0.0000000
parentContactNormal 0.0000000 0.0000000 0.0000000
parentOffset 0.0000000 0.0000000 0.0000000
scale 3.1877528
transform 3.1877528 0.0000000 0.0000000 0.0000000 0.0000000 3.1877528 0.0000000 0.0000000 0.0000000 0.0000000 3.1877528 0.0000000 592.2745627 566.7804124 0.0000000 1.0000000
newModel 12 1ac1d0986508974bf1783a44a88d6274
parentIndex 0
children 28
parentMaterialGroupIndex 0
parentTriangleIndex 0
parentUV 0.0000000 0.0000000
parentContactPosition 0.0000000 0.0000000 0.0000000
parentContactNormal 0.0000000 0.0000000 0.0000000
parentOffset 0.0000000 0.0000000 0.0000000
scale 3.1877528
transform 3.1877528 0.0000000 0.0000000 0.0000000 0.0000000 3.1877528 0.0000000 0.0000000 0.0000000 0.0000000 3.1877528 0.0000000 772.2202172 709.6595345 0.0000000 1.0000000
newModel 13 87c7911287c10ab8407b28046774089c
parentIndex 0
children
parentMaterialGroupIndex 0
parentTriangleIndex 0
parentUV 0.0000000 0.0000000
parentContactPosition 0.0000000 0.0000000 0.0000000
parentContactNormal 0.0000000 0.0000000 0.0000000
parentOffset 0.0000000 0.0000000 0.0000000
scale 1.9581739
transform 1.9581739 0.0000000 0.0000000 0.0000000 0.0000000 1.9581739 0.0000000 0.0000000 0.0000000 0.0000000 1.9581739 0.0000000 325.5428938 140.2806848 0.0000000 1.0000000
newModel 14 133c16fc6ca7d77676bb31db0358e9c6
parentIndex 0
children
parentMaterialGroupIndex 0
parentTriangleIndex 0
parentUV 0.0000000 0.0000000
parentContactPosition 0.0000000 0.0000000 0.0000000
parentContactNormal 0.0000000 0.0000000 0.0000000
parentOffset 0.0000000 0.0000000 0.0000000
scale 2.9114189
transform 2.9114189 0.0000000 0.0000000 0.0000000 0.0000000 2.9114189 0.0000000 0.0000000 0.0000000 0.0000000 2.9114189 0.0000000 654.5154092 325.4622186 0.0000000 1.0000000
newModel 15 e9ae2826a56f6cc8e3bc44bb1006d615
parentIndex 0
children
parentMaterialGroupIndex 0
parentTriangleIndex 0
parentUV 0.0000000 0.0000000
parentContactPosition 0.0000000 0.0000000 0.0000000
parentContactNormal 0.0000000 0.0000000 0.0000000
parentOffset 0.0000000 0.0000000 0.0000000
scale 1.2350815
transform 1.2350815 0.0000000 0.0000000 0.0000000 0.0000000 1.2350815 0.0000000 0.0000000 0.0000000 0.0000000 1.2350815 0.0000000 709.1562309 330.7762968 0.0064390 1.0000000
newModel 16 20b4891228ecfb4876bb31db0358e9c6
parentIndex 0
children
parentMaterialGroupIndex 0
parentTriangleIndex 0
parentUV 0.0000000 0.0000000
parentContactPosition 0.0000000 0.0000000 0.0000000
parentContactNormal 0.0000000 0.0000000 0.0000000
parentOffset 0.0000000 0.0000000 0.0000000
scale 3.5107395
transform 3.5107395 0.0000000 0.0000000 0.0000000 0.0000000 3.5107395 0.0000000 0.0000000 0.0000000 0.0000000 3.5107395 0.0000000 231.8175847 304.6378849 0.0000000 1.0000000
newModel 17 bb720e7949efc9abe4406b3bf37e6ffe
parentIndex 2
children
parentMaterialGroupIndex 0
parentTriangleIndex 0
parentUV 0.0000000 0.0000000
parentContactPosition 0.0000000 0.0000000 0.0000000
parentContactNormal 0.0000000 0.0000000 0.0000000
parentOffset 0.0000000 0.0000000 0.0000000
scale 3.1433560
transform 3.1433560 0.0000000 0.0000000 0.0000000 0.0000000 3.1433560 0.0000000 0.0000000 0.0000000 0.0000000 3.1433560 0.0000000 435.0473608 701.1022417 121.4145809 1.0000000
newModel 18 bb720e7949efc9abe4406b3bf37e6ffe
parentIndex 2
children
parentMaterialGroupIndex 0
parentTriangleIndex 0
parentUV 0.0000000 0.0000000
parentContactPosition 0.0000000 0.0000000 0.0000000
parentContactNormal 0.0000000 0.0000000 0.0000000
parentOffset 0.0000000 0.0000000 0.0000000
scale 3.1433560
transform 3.1433560 0.0000000 0.0000000 0.0000000 0.0000000 3.1433560 0.0000000 0.0000000 0.0000000 0.0000000 3.1433560 0.0000000 438.2414106 747.1916088 121.4145809 1.0000000
newModel 19 bb720e7949efc9abe4406b3bf37e6ffe
parentIndex 2
children
parentMaterialGroupIndex 0
parentTriangleIndex 0
parentUV 0.0000000 0.0000000
parentContactPosition 0.0000000 0.0000000 0.0000000
parentContactNormal 0.0000000 0.0000000 0.0000000
parentOffset 0.0000000 0.0000000 0.0000000
scale 3.1433560
transform 3.1433560 0.0000000 0.0000000 0.0000000 0.0000000 3.1433560 0.0000000 0.0000000 0.0000000 0.0000000 3.1433560 0.0000000 418.7183232 796.9964140 121.4145809 1.0000000
newModel 20 f017544fe5b334df1ab186a8b7e8a26a
parentIndex 5
children
parentMaterialGroupIndex 0
parentTriangleIndex 0
parentUV 0.0000000 0.0000000
parentContactPosition 0.0000000 0.0000000 0.0000000
parentContactNormal 0.0000000 0.0000000 0.0000000
parentOffset 0.0000000 0.0000000 0.0000000
scale 1.5316806
transform 1.5316806 0.0000000 0.0000000 0.0000000 0.0000000 1.5316806 0.0000000 0.0000000 0.0000000 0.0000000 1.5316806 0.0000000 406.2759103 710.3656161 124.2934270 1.0000000
newModel 21 a34966853ab2272ab2047d3072d5e051
parentIndex 8
children
parentMaterialGroupIndex 0
parentTriangleIndex 0
parentUV 0.0000000 0.0000000
parentContactPosition 0.0000000 0.0000000 0.0000000
parentContactNormal 0.0000000 0.0000000 0.0000000
parentOffset 0.0000000 0.0000000 0.0000000
scale 2.4587872
transform 2.4587872 0.0000000 0.0000000 0.0000000 0.0000000 2.4587872 0.0000000 0.0000000 0.0000000 0.0000000 2.4587872 0.0000000 929.7446836 448.9246179 64.9902409 1.0000000
newModel 22 a34966853ab2272ab2047d3072d5e051
parentIndex 8
children
parentMaterialGroupIndex 0
parentTriangleIndex 0
parentUV 0.0000000 0.0000000
parentContactPosition 0.0000000 0.0000000 0.0000000
parentContactNormal 0.0000000 0.0000000 0.0000000
parentOffset 0.0000000 0.0000000 0.0000000
scale 2.4587872
transform 2.4587872 0.0000000 0.0000000 0.0000000 0.0000000 2.4587872 0.0000000 0.0000000 0.0000000 0.0000000 2.4587872 0.0000000 845.9511513 438.5220025 64.9902409 1.0000000
newModel 23 a34966853ab2272ab2047d3072d5e051
parentIndex 8
children
parentMaterialGroupIndex 0
parentTriangleIndex 0
parentUV 0.0000000 0.0000000
parentContactPosition 0.0000000 0.0000000 0.0000000
parentContactNormal 0.0000000 0.0000000 0.0000000
parentOffset 0.0000000 0.0000000 0.0000000
scale 2.4587872
transform 2.4587872 0.0000000 0.0000000 0.0000000 0.0000000 2.4587872 0.0000000 0.0000000 0.0000000 0.0000000 2.4587872 0.0000000 795.0909764 490.7220544 64.9902409 1.0000000
newModel 24 b67a9d60ae1742ee5a70b9a0cc27fbd0
parentIndex 8
children
parentMaterialGroupIndex 0
parentTriangleIndex 0
parentUV 0.0000000 0.0000000
parentContactPosition 0.0000000 0.0000000 0.0000000
parentContactNormal 0.0000000 0.0000000 0.0000000
parentOffset 0.0000000 0.0000000 0.0000000
scale 0.7190056
transform 0.7190056 0.0000000 0.0000000 0.0000000 0.0000000 0.7190056 0.0000000 0.0000000 0.0000000 0.0000000 0.7190056 0.0000000 837.5776686 599.8165467 64.9902409 1.0000000
newModel 25 e64aaf8669fbd1af3610607758daee7e
parentIndex 6
children
parentMaterialGroupIndex 0
parentTriangleIndex 0
parentUV 0.0000000 0.0000000
parentContactPosition 0.0000000 0.0000000 0.0000000
parentContactNormal 0.0000000 0.0000000 0.0000000
parentOffset 0.0000000 0.0000000 0.0000000
scale 0.5209554
transform 0.5209554 0.0000000 0.0000000 0.0000000 0.0000000 0.5209554 0.0000000 0.0000000 0.0000000 0.0000000 0.5209554 0.0000000 376.9962125 735.1015245 154.3829289 1.0000000
newModel 26 e3cfbe893f12138e504721639e19f609
parentIndex 6
children
parentMaterialGroupIndex 0
parentTriangleIndex 0
parentUV 0.0000000 0.0000000
parentContactPosition 0.0000000 0.0000000 0.0000000
parentContactNormal 0.0000000 0.0000000 0.0000000
parentOffset 0.0000000 0.0000000 0.0000000
scale 1.2578074
transform 1.2578074 0.0000000 0.0000000 0.0000000 0.0000000 1.2578074 0.0000000 0.0000000 0.0000000 0.0000000 1.2578074 0.0000000 458.4787526 803.5364323 154.6305283 1.0000000
newModel 27 368188e7a9b9e1d3c24c2251620b1cc4
parentIndex 11
children
parentMaterialGroupIndex 0
parentTriangleIndex 0
parentUV 0.0000000 0.0000000
parentContactPosition 0.0000000 0.0000000 0.0000000
parentContactNormal 0.0000000 0.0000000 0.0000000
parentOffset 0.0000000 0.0000000 0.0000000
scale 3.3227591
transform 3.3227591 0.0000000 0.0000000 0.0000000 0.0000000 3.3227591 0.0000000 0.0000000 0.0000000 0.0000000 3.3227591 0.0000000 614.1522610 581.8573383 81.6861650 1.0000000
newModel 28 368188e7a9b9e1d3c24c2251620b1cc4
parentIndex 12
children
parentMaterialGroupIndex 0
parentTriangleIndex 0
parentUV 0.0000000 0.0000000
parentContactPosition 0.0000000 0.0000000 0.0000000
parentContactNormal 0.0000000 0.0000000 0.0000000
parentOffset 0.0000000 0.0000000 0.0000000
scale 3.3227591
transform 3.3227591 0.0000000 0.0000000 0.0000000 0.0000000 3.3227591 0.0000000 0.0000000 0.0000000 0.0000000 3.3227591 0.0000000 800.3547072 724.7728354 81.6861650 1.0000000
