StanfordSceneDatabase
version 1.0
modelCount 25
newModel 0 room00
parentIndex -1
children 1 2 3 4 5 6 7 8 9 10 11 12 13 14 15
parentMaterialGroupIndex 0
parentTriangleIndex 0
parentUV 0.0000000 0.0000000
parentContactPosition 0.0000000 0.0000000 0.0000000
parentContactNormal 0.0000000 0.0000000 0.0000000
parentOffset 0.0000000 0.0000000 0.0000000
scale 3.9996967
transform 3.9996967 0.0000000 0.0000000 0.0000000 0.0000000 3.9996967 0.0000000 0.0000000 0.0000000 0.0000000 3.9996967 0.0000000 0.0000000 0.0000000 0.0000000 1.0000000
newModel 1 c0b76f006237ccd3e0e89fd83955713c
parentIndex 0
children
parentMaterialGroupIndex 0
parentTriangleIndex 0
parentUV 0.0000000 0.0000000
parentContactPosition 0.0000000 0.0000000 0.0000000
parentContactNormal 0.0000000 0.0000000 0.0000000
parentOffset 0.0000000 0.0000000 0.0000000
scale 2.9945290
transform 2.9945290 0.0000000 0.0000000 0.0000000 0.0000000 2.9945290 0.0000000 0.0000000 0.0000000 0.0000000 2.9945290 0.0000000 -1197.9561693 426.9635879 -0.0000000 1.0000000
newModel 2 c0b76f006237ccd3e0e89fd83955713c
parentIndex 0
children
parentMaterialGroupIndex 0
parentTriangleIndex 0
parentUV 0.0000000 0.0000000
parentContactPosition 0.0000000 0.0000000 0.0000000
parentContactNormal 0.0000000 0.0000000 0.0000000
parentOffset 0.0000000 0.0000000 0.0000000
scale 2.9945290
transform 2.9945290 0.0000000 0.0000000 0.0000000 0.0000000 2.9945290 0.0000000 0.0000000 0.0000000 0.0000000 2.9945290 0.0000000 -895.3428002 140.1797572 -0.0000000 1.0000000
newModel 3 f282330fca04d402f91663a74ccd2338
parentIndex 0
children
parentMaterialGroupIndex 0
parentTriangleIndex 0
parentUV 0.0000000 0.0000000
parentContactPosition 0.0000000 0.0000000 0.0000000
parentContactNormal 0.0000000 0.0000000 0.0000000
parentOffset 0.0000000 0.0000000 0.0000000
scale 2.7849731
transform 2.7849731 0.0000000 0.0000000 0.0000000 0.0000000 2.7849731 0.0000000 0.0000000 0.0000000 0.0000000 2.7849731 0.0000000 6.7233132 59.7388083 0.4663939 1.0000000
newModel 4 f282330fca04d402f91663a74ccd2338
parentIndex 0
children
parentMaterialGroupIndex 0
parentTriangleIndex 0
parentUV 0.0000000 0.0000000
parentContactPosition 0.0000000 0.0000000 0.0000000
parentContactNormal 0.0000000 0.0000000 0.0000000
parentOffset 0.0000000 0.0000000 0.0000000
scale 2.7849731
transform 2.7849731 0.0000000 0.0000000 0.0000000 0.0000000 2.7849731 0.0000000 0.0000000 0.0000000 0.0000000 2.7849731 0.0000000 102.4018413 175.8346894 0.4663939 1.0000000
newModel 5 8cf336ee067253da60fe7f3536df936c
parentIndex 0
children 16
parentMaterialGroupIndex 0
parentTriangleIndex 0
parentUV 0.0000000 0.0000000
parentContactPosition 0.0000000 0.0000000 0.0000000
parentContactNormal 0.0000000 0.0000000 0.0000000
parentOffset 0.0000000 0.0000000 0.0000000
scale 1.9788008
transform 1.9788008 0.0000000 0.0000000 0.0000000 0.0000000 1.9788008 0.0000000 0.0000000 0.0000000 0.0000000 1.9788008 0.0000000 814.4782783 -26.3369756 0.0000000 1.0000000
newModel 6 699468993d0ab5cb98d5fc0473d00a1c
parentIndex 0
children 21 22
parentMaterialGroupIndex 0
parentTriangleIndex 0
parentUV 0.0000000 0.0000000
parentContactPosition 0.0000000 0.0000000 0.0000000
parentContactNormal 0.0000000 0.0000000 0.0000000
parentOffset 0.0000000 0.0000000 0.0000000
scale 1.9606621
transform 1.9606621 0.0000000 0.0000000 0.0000000 0.0000000 1.9606621 0.0000000 0.0000000 0.0000000 0.0000000 1.9606621 0.0000000 410.9135632 540.2620470 0.0000000 1.0000000
newModel 7 2bd3ebdfde8d0440bd0beb7c8bc640fc
parentIndex 0
children 17 18 19 20
parentMaterialGroupIndex 0
parentTriangleIndex 0
parentUV 0.0000000 0.0000000
parentContactPosition 0.0000000 0.0000000 0.0000000
parentContactNormal 0.0000000 0.0000000 0.0000000
parentOffset 0.0000000 0.0000000 0.0000000
scale 2.3995983
transform 2.3995983 0.0000000 0.0000000 0.0000000 0.0000000 2.3995983 0.0000000 0.0000000 0.0000000 0.0000000 2.3995983 0.0000000 29.9770323 136.6371872 0.0000000 1.0000000
newModel 8 75fe06475f7b7241920de219c00d1c3b
parentIndex 0
children
parentMaterialGroupIndex 0
parentTriangleIndex 0
parentUV 0.0000000 0.0000000
parentContactPosition 0.0000000 0.0000000 0.0000000
parentContactNormal 0.0000000 0.0000000 0.0000000
parentOffset 0.0000000 0.0000000 0.0000000
scale 5.2054228
transform 5.2054228 0.0000000 0.0000000 0.0000000 0.0000000 5.2054228 0.0000000 0.0000000 0.0000000 0.0000000 5.2054228 0.0000000 19.0449602 289.1454806 0.0000000 1.0000000
newModel 9 e6a188bbf8315d11f1783a44a88d6274
parentIndex 0
children
parentMaterialGroupIndex 0
parentTriangleIndex 0
parentUV 0.0000000 0.0000000
parentContactPosition 0.0000000 0.0000000 0.0000000
parentContactNormal 0.0000000 0.0000000 0.0000000
parentOffset 0.0000000 0.0000000 0.0000000
scale 1.6305798
transform 1.6305798 0.0000000 0.0000000 0.0000000 0.0000000 1.6305798 0.0000000 0.0000000 0.0000000 0.0000000 1.6305798 0.0000000 51.5489497 510.1753609 0.0000000 1.0000000
newModel 10 1ac1d0986508974bf1783a44a88d6274
parentIndex 0
children 23
parentMaterialGroupIndex 0
parentTriangleIndex 0
parentUV 0.0000000 0.0000000
parentContactPosition 0.0000000 0.0000000 0.0000000
parentContactNormal 0.0000000 0.0000000 0.0000000
parentOffset 0.0000000 0.0000000 0.0000000
scale 3.1877528
transform 3.1877528 0.0000000 0.0000000 0.0000000 0.0000000 3.1877528 0.0000000 0.0000000 0.0000000 0.0000000 3.1877528 0.0000000 171.9717190 815.4208973 0.0000000 1.0000000
newModel 11 1ac1d0986508974bf1783a44a88d6274
parentIndex 0
children 24
parentMaterialGroupIndex 0
parentTriangleIndex 0
parentUV 0.0000000 0.0000000
parentContactPosition 0.0000000 0.0000000 0.0000000
parentContactNormal 0.0000000 0.0000000 0.0000000
parentOffset 0.0000000 0.0000000 0.0000000
scale 3.1877528
transform 3.1877528 0.0000000 0.0000000 0.0000000 0.0000000 3.1877528 0.0000000 0.0000000 0.0000000 0.0000000 3.1877528 0.0000000 561.0704300 866.0750786 0.0000000 1.0000000
newModel 12 87c7911287c10ab8407b28046774089c
parentIndex 0
children
parentMaterialGroupIndex 0
parentTriangleIndex 0
parentUV 0.0000000 0.0000000
parentContactPosition 0.0000000 0.0000000 0.0000000
parentContactNormal 0.0000000 0.0000000 0.0000000
parentOffset 0.0000000 0.0000000 0.0000000
scale 1.9581739
transform 1.9581739 0.0000000 0.0000000 0.0000000 0.0000000 1.9581739 0.0000000 0.0000000 0.0000000 0.0000000 1.9581739 0.0000000 254.9660587 462.4347981 0.0000000 1.0000000
newModel 13 133c16fc6ca7d77676bb31db0358e9c6
parentIndex 0
children
parentMaterialGroupIndex 0
parentTriangleIndex 0
parentUV 0.0000000 0.0000000
parentContactPosition 0.0000000 0.0000000 0.0000000
parentContactNormal 0.0000000 0.0000000 0.0000000
parentOffset 0.0000000 0.0000000 0.0000000
scale 2.9114189
transform 2.9114189 0.0000000 0.0000000 0.0000000 0.0000000 2.9114189 0.0000000 0.0000000 0.0000000 0.0000000 2.9114189 0.0000000 618.6683862 543.3629216 0.0000000 1.0000000
newModel 14 e9ae2826a56f6cc8e3bc44bb1006d615
parentIndex 0
children
parentMaterialGroupIndex 0
parentTriangleIndex 0
parentUV 0.0000000 0.0000000
parentContactPosition 0.0000000 0.0000000 0.0000000
parentContactNormal 0.0000000 0.0000000 0.0000000
parentOffset 0.0000000 0.0000000 0.0000000
scale 1.2350815
transform 1.2350815 0.0000000 0.0000000 0.0000000 0.0000000 1.2350815 0.0000000 0.0000000 0.0000000 0.0000000 1.2350815 0.0000000 876.0636011 433.8043169 0.0064390 1.0000000
newModel 15 20b4891228ecfb4876bb31db0358e9c6
parentIndex 0
children
parentMaterialGroupIndex 0
parentTriangleIndex 0
parentUV 0.0000000 0.0000000
parentContactPosition 0.0000000 0.0000000 0.0000000
parentContactNormal 0.0000000 0.0000000 0.0000000
parentOffset 0.0000000 0.0000000 0.0000000
scale 3.5107395
transform 3.5107395 0.0000000 0.0000000 0.0000000 0.0000000 3.5107395 0.0000000 0.0000000 0.0000000 0.0000000 3.5107395 0.0000000 738.5381672 402.6831142 0.0000000 1.0000000
newModel 16 f017544fe5b334df1ab186a8b7e8a26a
parentIndex 5
children
parentMaterialGroupIndex 0
parentTriangleIndex 0
parentUV 0.0000000 0.0000000
parentContactPosition 0.0000000 0.0000000 0.0000000
parentContactNormal 0.0000000 0.0000000 0.0000000
parentOffset 0.0000000 0.0000000 0.0000000
scale 1.5316806
transform 1.5316806 0.0000000 0.0000000 0.0000000 0.0000000 1.5316806 0.0000000 0.0000000 0.0000000 0.0000000 1.5316806 0.0000000 911.3220309 93.8939847 124.2934270 1.0000000
newModel 17 a34966853ab2272ab2047d3072d5e051
parentIndex 7
children
parentMaterialGroupIndex 0
parentTriangleIndex 0
parentUV 0.0000000 0.0000000
parentContactPosition 0.0000000 0.0000000 0.0000000
parentContactNormal 0.0000000 0.0000000 0.0000000
parentOffset 0.0000000 0.0000000 0.0000000
scale 2.4587872
transform 2.4587872 0.0000000 0.0000000 0.0000000 0.0000000 2.4587872 0.0000000 0.0000000 0.0000000 0.0000000 2.4587872 0.0000000 228.1978904 453.6848317 64.9902409 1.0000000
newModel 18 a34966853ab2272ab2047d3072d5e051
parentIndex 7
children
parentMaterialGroupIndex 0
parentTriangleIndex 0
parentUV 0.0000000 0.0000000
parentContactPosition 0.0000000 0.0000000 0.0000000
parentContactNormal 0.0000000 0.0000000 0.0000000
parentOffset 0.0000000 0.0000000 0.0000000
scale 2.4587872
transform 2.4587872 0.0000000 0.0000000 0.0000000 0.0000000 2.4587872 0.0000000 0.0000000 0.0000000 0.0000000 2.4587872 0.0000000 227.9882698 497.3660494 64.9902409 1.0000000
newModel 19 a34966853ab2272ab2047d3072d5e051
parentIndex 7
children
parentMaterialGroupIndex 0
parentTriangleIndex 0
parentUV 0.0000000 0.0000000
parentContactPosition 0.0000000 0.0000000 0.0000000
parentContactNormal 0.0000000 0.0000000 0.0000000
parentOffset 0.0000000 0.0000000 0.0000000
scale 2.4587872
transform 2.4587872 0.0000000 0.0000000 0.0000000 0.0000000 2.4587872 0.0000000 0.0000000 0.0000000 0.0000000 2.4587872 0.0000000 81.9838187 509.5813892 64.9902409 1.0000000
newModel 20 b67a9d60ae1742ee5a70b9a0cc27fbd0
parentIndex 7
children
parentMaterialGroupIndex 0
parentTriangleIndex 0
parentUV 0.0000000 0.0000000
parentContactPosition 0.0000000 0.0000000 0.0000000
parentContactNormal 0.0000000 0.0000000 0.0000000
parentOffset 0.0000000 0.0000000 0.0000000
scale 0.7190056
transform 0.7190056 0.0000000 0.0000000 0.0000000 0.0000000 0.7190056 0.0000000 0.0000000 0.0000000 0.0000000 0.7190056 0.0000000 110.2325716 606.0391090 64.9902409 1.0000000
newModel 21 e64aaf8669fbd1af3610607758daee7e
parentIndex 6
children
parentMaterialGroupIndex 0
parentTriangleIndex 0
parentUV 0.0000000 0.0000000
parentContactPosition 0.0000000 0.0000000 0.0000000
parentContactNormal 0.0000000 0.0000000 0.0000000
parentOffset 0.0000000 0.0000000 0.0000000
scale 0.5209554
transform 0.5209554 0.0000000 0.0000000 0.0000000 0.0000000 0.5209554 0.0000000 0.0000000 0.0000000 0.0000000 0.5209554 0.0000000 305.2367450 771.9131539 154.3829289 1.0000000
newModel 22 e3cfbe893f12138e504721639e19f609
parentIndex 6
children
parentMaterialGroupIndex 0
parentTriangleIndex 0
parentUV 0.0000000 0.0000000
parentContactPosition 0.0000000 0.0000000 0.0000000
parentContactNormal 0.0000000 0.0000000 0.0000000
parentOffset 0.0000000 0.0000000 0.0000000
scale 1.2578074
transform 1.2578074 0.0000000 0.0000000 0.0000000 0.0000000 1.2578074 0.0000000 0.0000000 0.0000000 0.0000000 1.2578074 0.0000000 386.7192852 840.3480617 154.6305283 1.0000000
newModel 23 368188e7a9b9e1d3c24c2251620b1cc4
parentIndex 10
children
parentMaterialGroupIndex 0
parentTriangleIndex 0
parentUV 0.0000000 0.0000000
parentContactPosition 0.0000000 0.0000000 0.0000000
parentContactNormal 0.0000000 0.0000000 0.0000000
parentOffset 0.0000000 0.0000000 0.0000000
scale 3.3227591
transform 3.3227591 0.0000000 0.0000000 0.0000000 0.0000000 3.3227591 0.0000000 0.0000000 0.0000000 0.0000000 3.3227591 0.0000000 195.6294529 840.6047140 81.6861650 1.0000000
newModel 24 368188e7a9b9e1d3c24c2251620b1cc4
parentIndex 11
children
parentMaterialGroupIndex 0
parentTriangleIndex 0
parentUV 0.0000000 0.0000000
parentContactPosition 0.0000000 0.0000000 0.0000000
parentContactNormal 0.0000000 0.0000000 0.0000000
parentOffset 0.0000000 0.0000000 0.0000000
scale 3.3227591
transform 3.3227591 0.0000000 0.0000000 0.0000000 0.0000000 3.3227591 0.0000000 0.0000000 0.0000000 0.0000000 3.3227591 0.0000000 586.3099346 890.0590096 81.6861650 1.0000000
