StanfordSceneDatabase
version 1.0
modelCount 8
newModel 0 room02
parentIndex -1
children 1 2 3 4
parentMaterialGroupIndex 0
parentTriangleIndex 0
parentUV 0.0000000 0.0000000
parentContactPosition 0.0000000 0.0000000 0.0000000
parentContactNormal 0.0000000 0.0000000 0.0000000
parentOffset 0.0000000 0.0000000 0.0000000
scale 3.9758000
transform 3.9758000 0.0000000 0.0000000 0.0000000 0.0000000 3.9758000 0.0000000 0.0000000 0.0000000 0.0000000 3.9758000 0.0000000 0.0000000 0.0000000 0.0000000 1.0000000
newModel 1 4b62e46f46ab7d5f37445e82d5b75b1
parentIndex 0
children 5 6 7
parentMaterialGroupIndex 0
parentTriangleIndex 0
parentUV 0.0000000 0.0000000
parentContactPosition 0.0000000 0.0000000 0.0000000
parentContactNormal 0.0000000 0.0000000 0.0000000
parentOffset 0.0000000 0.0000000 0.0000000
scale 2.3894086
transform 2.3894086 0.0000000 0.0000000 0.0000000 0.0000000 2.3894086 0.0000000 0.0000000 0.0000000 0.0000000 2.3894086 0.0000000 9.8547335 2.6180989 0.0000000 1.0000000
newModel 2 4b62e46f46ab7d5f37445e82d5b75b1
parentIndex 0
children
parentMaterialGroupIndex 0
parentTriangleIndex 0
parentUV 0.0000000 0.0000000
parentContactPosition 0.0000000 0.0000000 0.0000000
parentContactNormal 0.0000000 0.0000000 0.0000000
parentOffset 0.0000000 0.0000000 0.0000000
scale 2.3894086
transform 2.3894086 0.0000000 0.0000000 0.0000000 0.0000000 2.3894086 0.0000000 0.0000000 0.0000000 0.0000000 2.3894086 0.0000000 42.8506286 10.7980197 0.0000000 1.0000000
newModel 3 a49eec529b5c44eaac00fd1150223027
parentIndex 0
children
parentMaterialGroupIndex 0
parentTriangleIndex 0
parentUV 0.0000000 0.0000000
parentContactPosition 0.0000000 0.0000000 0.0000000
parentContactNormal 0.0000000 0.0000000 0.0000000
parentOffset 0.0000000 0.0000000 0.0000000
scale 1.4484322
transform 1.4484322 0.0000000 0.0000000 0.0000000 0.0000000 1.4484322 0.0000000 0.0000000 0.0000000 0.0000000 1.4484322 0.0000000 70.6192458 134.6322173 0.0000000 1.0000000
newModel 4 fe9f0ed546b8cdc48cbce817c3e70eb4
parentIndex 0
children
parentMaterialGroupIndex 0
parentTriangleIndex 0
parentUV 0.0000000 0.0000000
parentContactPosition 0.0000000 0.0000000 0.0000000
parentContactNormal 0.0000000 0.0000000 0.0000000
parentOffset 0.0000000 0.0000000 0.0000000
scale 0.9673197
transform 0.9673197 0.0000000 0.0000000 0.0000000 0.0000000 0.9673197 0.0000000 0.0000000 0.0000000 0.0000000 0.9673197 0.0000000 -22.3362518 141.5946641 0.0000000 1.0000000
newModel 5 bb720e7949efc9abe4406b3bf37e6ffe
parentIndex 1
children
parentMaterialGroupIndex 0
parentTriangleIndex 0
parentUV 0.0000000 0.0000000
parentContactPosition 0.0000000 0.0000000 0.0000000
parentContactNormal 0.0000000 0.0000000 0.0000000
parentOffset 0.0000000 0.0000000 0.0000000
scale 3.1433560
transform 3.1433560 0.0000000 0.0000000 0.0000000 0.0000000 3.1433560 0.0000000 0.0000000 0.0000000 0.0000000 3.1433560 0.0000000 -57.4109356 78.4218267 -1.0781271 1.0000000
newModel 6 bb720e7949efc9abe4406b3bf37e6ffe
parentIndex 1
children
parentMaterialGroupIndex 0
parentTriangleIndex 0
parentUV 0.0000000 0.0000000
parentContactPosition 0.0000000 0.0000000 0.0000000
parentContactNormal 0.0000000 0.0000000 0.0000000
parentOffset 0.0000000 0.0000000 0.0000000
scale 3.1433560
transform 3.1433560 0.0000000 0.0000000 0.0000000 0.0000000 3.1433560 0.0000000 0.0000000 0.0000000 0.0000000 3.1433560 0.0000000 -49.4011066 88.0618813 -1.0781271 1.0000000
newModel 7 bb720e7949efc9abe4406b3bf37e6ffe
parentIndex 1
children
parentMaterialGroupIndex 0
parentTriangleIndex 0
parentUV 0.0000000 0.0000000
parentContactPosition 0.0000000 0.0000000 0.0000000
parentContactNormal 0.0000000 0.0000000 0.0000000
parentOffset 0.0000000 0.0000000 0.0000000
scale 3.1433560
transform 3.1433560 0.0000000 0.0000000 0.0000000 0.0000000 3.1433560 0.0000000 0.0000000 0.0000000 0.0000000 3.1433560 0.0000000 -37.6121762 96.8615098 -1.0781271 1.0000000
