StanfordSceneDatabase
version 1.0
modelCount 11
newModel 0 room08
parentIndex -1
children 1 2 3
parentMaterialGroupIndex 0
parentTriangleIndex 0
parentUV 0.0000000 0.0000000
parentContactPosition 0.0000000 0.0000000 0.0000000
parentContactNormal 0.0000000 0.0000000 0.0000000
parentOffset 0.0000000 0.0000000 0.0000000
scale 1.0720488
scale 1.1378601
scale 1.0000000
transform 1.0720488 0.0000000 0.0000000 0.0000000 0.0000000 1.1378601 0.0000000 0.0000000 0.0000000 0.0000000 1.0000000 0.0000000 0.0000000 0.0000000 0.0000000 1.0000000
newModel 1 215f72973cfa2c9a42c2142b4fb342c8
parentIndex 0
children 4 5 6
parentMaterialGroupIndex 0
parentTriangleIndex 0
parentUV 0.0000000 0.0000000
parentContactPosition 0.0000000 0.0000000 0.0000000
parentContactNormal 0.0000000 0.0000000 0.0000000
parentOffset 0.0000000 0.0000000 0.0000000
scale 1.1551100
scale 1.1551100
scale 1.1551100
transform 1.1551100 -0.0000000 0.0000000 0.0000000 0.0000000 1.1551100 0.0000000 0.0000000 0.0000000 0.0000000 1.1551100 0.0000000 0.0000000 0.0000000 6.9306600 1.0000000
newModel 2 2b9d60c74bc0d18ad8eae9bce48bbeed
parentIndex 0
children 9 10
parentMaterialGroupIndex 0
parentTriangleIndex 0
parentUV 0.0000000 0.0000000
parentContactPosition 0.0000000 0.0000000 0.0000000
parentContactNormal 0.0000000 0.0000000 0.0000000
parentOffset 0.0000000 0.0000000 0.0000000
scale 3.1907167
scale 3.3333854
scale 2.2920534
transform -0.0235292 3.3332947 0.0000000 0.0000000 -3.1906299 -0.0245813 0.0000000 0.0000000 0.0000000 0.0000000 2.2920534 0.0000000 142.3461851 -177.2889676 -0.0000000 1.0000000
newModel 3 1ac1d0986508974bf1783a44a88d6274
parentIndex 0
children 7 8
parentMaterialGroupIndex 0
parentTriangleIndex 0
parentUV 0.0000000 0.0000000
parentContactPosition 0.0000000 0.0000000 0.0000000
parentContactNormal 0.0000000 0.0000000 0.0000000
parentOffset 0.0000000 0.0000000 0.0000000
scale 2.0813378
scale 2.2127586
scale 1.5351097
transform 2.0813378 -0.0000000 0.0000000 0.0000000 0.0000000 2.2127586 0.0000000 0.0000000 0.0000000 0.0000000 1.5351097 0.0000000 0.0000000 0.0000000 0.0000000 1.0000000
newModel 4 361e0796bd364244741e88434245c899
parentIndex 1
children
parentMaterialGroupIndex 0
parentTriangleIndex 0
parentUV 0.0000000 0.0000000
parentContactPosition 0.0000000 0.0000000 0.0000000
parentContactNormal 0.0000000 0.0000000 0.0000000
parentOffset 0.0000000 0.0000000 0.0000000
scale 0.2848059
scale 0.6011616
scale 0.0830625
transform 0.2848057 0.0007631 0.0000000 0.0000000 -0.0003615 0.6011611 0.0000000 0.0000000 0.0000000 0.0000000 0.0830625 0.0000000 78.4432569 11.0431845 66.9375810 1.0000000
newModel 5 361e0796bd364244741e88434245c899
parentIndex 1
children
parentMaterialGroupIndex 0
parentTriangleIndex 0
parentUV 0.0000000 0.0000000
parentContactPosition 0.0000000 0.0000000 0.0000000
parentContactNormal 0.0000000 0.0000000 0.0000000
parentOffset 0.0000000 0.0000000 0.0000000
scale 0.2848059
scale 0.6011616
scale 0.0830625
transform 0.2847800 0.0081074 0.0000000 0.0000000 -0.0038410 0.6011069 0.0000000 0.0000000 0.0000000 0.0000000 0.0830625 0.0000000 72.9504711 14.4695983 66.9375810 1.0000000
newModel 6 361e0796bd364244741e88434245c899
parentIndex 1
children
parentMaterialGroupIndex 0
parentTriangleIndex 0
parentUV 0.0000000 0.0000000
parentContactPosition 0.0000000 0.0000000 0.0000000
parentContactNormal 0.0000000 0.0000000 0.0000000
parentOffset 0.0000000 0.0000000 0.0000000
scale 0.2848059
scale 0.6011616
scale 0.0830625
transform 0.2848059 0.0000483 0.0000000 0.0000000 -0.0000229 0.6011616 0.0000000 0.0000000 0.0000000 0.0000000 0.0830625 0.0000000 -1.2206296 -1.0040221 66.9375810 1.0000000
newModel 7 26bb7229b024a8549b0c8289d51d981b
parentIndex 3
children
parentMaterialGroupIndex 0
parentTriangleIndex 0
parentUV 0.0000000 0.0000000
parentContactPosition 0.0000000 0.0000000 0.0000000
parentContactNormal 0.0000000 0.0000000 0.0000000
parentOffset 0.0000000 0.0000000 0.0000000
scale 1.0609062
scale 0.6747923
scale 1.2815661
transform 1.0591159 0.0391857 0.0000000 0.0000000 -0.0616076 0.6736535 0.0000000 0.0000000 0.0000000 0.0000000 1.2815661 0.0000000 -33.2168729 -18.9469133 39.3371851 1.0000000
newModel 8 26bb7229b024a8549b0c8289d51d981b
parentIndex 3
children
parentMaterialGroupIndex 0
parentTriangleIndex 0
parentUV 0.0000000 0.0000000
parentContactPosition 0.0000000 0.0000000 0.0000000
parentContactNormal 0.0000000 0.0000000 0.0000000
parentOffset 0.0000000 0.0000000 0.0000000
scale 1.0609062
scale 0.6747923
scale 1.2815661
transform 1.0584594 0.0458033 0.0000000 0.0000000 -0.0720118 0.6732360 0.0000000 0.0000000 0.0000000 0.0000000 1.2815661 0.0000000 131.2251107 -25.3092158 39.3371851 1.0000000
newModel 9 af19712d1a16cb59dc0dec45107520e9
parentIndex 2
children
parentMaterialGroupIndex 0
parentTriangleIndex 0
parentUV 0.0000000 0.0000000
parentContactPosition 0.0000000 0.0000000 0.0000000
parentContactNormal 0.0000000 0.0000000 0.0000000
parentOffset 0.0000000 0.0000000 0.0000000
scale 1.5665148
scale 1.4668784
scale 2.5065886
transform -1.3420089 0.7566757 0.0000000 0.0000000 -0.8080722 -1.2566519 0.0000000 0.0000000 0.0000000 0.0000000 2.5065886 0.0000000 80.7936278 209.9722502 20.0647500 1.0000000
newModel 10 a7ce5adc817940ab7eb50173c6da3ca0
parentIndex 2
children
parentMaterialGroupIndex 0
parentTriangleIndex 0
parentUV 0.0000000 0.0000000
parentContactPosition 0.0000000 0.0000000 0.0000000
parentContactNormal 0.0000000 0.0000000 0.0000000
parentOffset 0.0000000 0.0000000 0.0000000
scale 0.3846745
scale 0.4260972
scale 0.7016721
transform -0.2477974 -0.3259127 0.0000000 0.0000000 0.2942294 -0.2744809 0.0000000 0.0000000 0.0000000 0.0000000 0.7016721 0.0000000 101.2418604 317.8727997 20.4155861 1.0000000
