StanfordSceneDatabase
version 1.0
modelCount 7
newModel 0 room08
parentIndex -1
children 1 2 3
parentMaterialGroupIndex 0
parentTriangleIndex 0
parentUV 0.0000000 0.0000000
parentContactPosition 0.0000000 0.0000000 0.0000000
parentContactNormal 0.0000000 0.0000000 0.0000000
parentOffset 0.0000000 0.0000000 0.0000000
scale 1.0720488
scale 1.1378601
scale 1.0000000
transform -1.0720488 -0.0000000 0.0000000 0.0000000 0.0000000 -1.1378601 0.0000000 0.0000000 0.0000000 0.0000000 1.0000000 0.0000000 254.8620000 259.7500000 0.0000000 1.0000000
newModel 1 215f72973cfa2c9a42c2142b4fb342c8
parentIndex 0
children
parentMaterialGroupIndex 0
parentTriangleIndex 0
parentUV 0.0000000 0.0000000
parentContactPosition 0.0000000 0.0000000 0.0000000
parentContactNormal 0.0000000 0.0000000 0.0000000
parentOffset 0.0000000 0.0000000 0.0000000
scale 1.1551100
scale 1.1551100
scale 1.1551100
transform -1.1551100 -0.0000000 0.0000000 0.0000000 0.0000000 -1.1551100 0.0000000 0.0000000 0.0000000 0.0000000 1.1551100 0.0000000 131.2653040 139.1717217 6.9306600 1.0000000
newModel 2 2b9d60c74bc0d18ad8eae9bce48bbeed
parentIndex 0
children 5 6
parentMaterialGroupIndex 0
parentTriangleIndex 0
parentUV 0.0000000 0.0000000
parentContactPosition 0.0000000 0.0000000 0.0000000
parentContactNormal 0.0000000 0.0000000 0.0000000
parentOffset 0.0000000 0.0000000 0.0000000
scale 3.1907167
scale 3.3333854
scale 2.2920534
transform -3.1907167 -0.0000000 0.0000000 0.0000000 0.0000000 -3.3333854 0.0000000 0.0000000 0.0000000 0.0000000 2.2920534 0.0000000 434.3572534 47.1822294 80.0000000 1.0000000
newModel 3 1ac1d0986508974bf1783a44a88d6274
parentIndex 0
children 4
parentMaterialGroupIndex 0
parentTriangleIndex 0
parentUV 0.0000000 0.0000000
parentContactPosition 0.0000000 0.0000000 0.0000000
parentContactNormal 0.0000000 0.0000000 0.0000000
parentOffset 0.0000000 0.0000000 0.0000000
scale 2.0813378
scale 2.2127586
scale 1.5351097
transform 2.0813378 -0.0000000 0.0000000 0.0000000 0.0000000 2.2127586 0.0000000 0.0000000 0.0000000 0.0000000 1.5351097 0.0000000 134.3523059 5.5272427 0.0000000 1.0000000
newModel 4 26bb7229b024a8549b0c8289d51d981b
parentIndex 3
children
parentMaterialGroupIndex 0
parentTriangleIndex 0
parentUV 0.0000000 0.0000000
parentContactPosition 0.0000000 0.0000000 0.0000000
parentContactNormal 0.0000000 0.0000000 0.0000000
parentOffset 0.0000000 0.0000000 0.0000000
scale 1.0609062
scale 0.6747923
scale 1.2815661
transform -1.0609062 -0.0000000 0.0000000 0.0000000 0.0000000 -0.6747923 0.0000000 0.0000000 0.0000000 0.0000000 1.2815661 0.0000000 207.7856402 50.2485301 39.3371851 1.0000000
newModel 5 af19712d1a16cb59dc0dec45107520e9
parentIndex 2
children
parentMaterialGroupIndex 0
parentTriangleIndex 0
parentUV 0.0000000 0.0000000
parentContactPosition 0.0000000 0.0000000 0.0000000
parentContactNormal 0.0000000 0.0000000 0.0000000
parentOffset 0.0000000 0.0000000 0.0000000
scale 1.5665148
scale 1.4668784
scale 2.5065886
transform 1.5665148 -0.0000000 0.0000000 0.0000000 0.0000000 1.4668784 0.0000000 0.0000000 0.0000000 0.0000000 2.5065886 0.0000000 149.4163025 15.5736428 100.0647500 1.0000000
newModel 6 a7ce5adc817940ab7eb50173c6da3ca0
parentIndex 2
children
parentMaterialGroupIndex 0
parentTriangleIndex 0
parentUV 0.0000000 0.0000000
parentContactPosition 0.0000000 0.0000000 0.0000000
parentContactNormal 0.0000000 0.0000000 0.0000000
parentOffset 0.0000000 0.0000000 0.0000000
scale 0.6595584
scale 0.2426110
scale 0.7016721
transform -0.6595584 0.0000000 0.0000000 0.0000000 -0.0000000 -0.2426110 0.0000000 0.0000000 0.0000000 0.0000000 0.7016721 0.0000000 179.0262061 28.0298382 100.4155861 1.0000000
