StanfordSceneDatabase
version 1.0
modelCount 9
newModel 0 room08
parentIndex -1
children 1 2 3 4 5 6
parentMaterialGroupIndex 0
parentTriangleIndex 0
parentUV 0.0000000 0.0000000
parentContactPosition 0.0000000 0.0000000 0.0000000
parentContactNormal 0.0000000 0.0000000 0.0000000
parentOffset 0.0000000 0.0000000 0.0000000
scale 1.0720488
scale 1.1378601
scale 1.0000000
transform 0.0000000 1.1378601 0.0000000 0.0000000 -1.0720488 0.0000000 0.0000000 0.0000000 0.0000000 0.0000000 1.0000000 0.0000000 262.1159268 -1.7067901 0.0000000 1.0000000
newModel 1 4b62e46f46ab7d5f37445e82d5b75b1
parentIndex 0
children
parentMaterialGroupIndex 0
parentTriangleIndex 0
parentUV 0.0000000 0.0000000
parentContactPosition 0.0000000 0.0000000 0.0000000
parentContactNormal 0.0000000 0.0000000 0.0000000
parentOffset 0.0000000 0.0000000 0.0000000
scale 1.5764466
scale 1.4354377
scale 1.2242813
transform 1.5764466 -0.0000000 0.0000000 0.0000000 0.0000000 1.4354377 0.0000000 0.0000000 0.0000000 0.0000000 1.2242813 0.0000000 74.4819945 129.8079123 0.0000000 1.0000000
newModel 2 c5fc6c1e0d446d37acce1c6e70b58979
parentIndex 0
children 7 8
parentMaterialGroupIndex 0
parentTriangleIndex 0
parentUV 0.0000000 0.0000000
parentContactPosition 0.0000000 0.0000000 0.0000000
parentContactNormal 0.0000000 0.0000000 0.0000000
parentOffset 0.0000000 0.0000000 0.0000000
scale 1.0379177
scale 1.2053673
scale 1.5995719
transform 1.0379177 -0.0000000 0.0000000 0.0000000 0.0000000 1.2053673 0.0000000 0.0000000 0.0000000 0.0000000 1.5995719 0.0000000 -247.9931065 -419.5263707 45.6700181 1.0000000
newModel 3 18d94e539b0ed30d105e720ebc569399
parentIndex 0
children
parentMaterialGroupIndex 0
parentTriangleIndex 0
parentUV 0.0000000 0.0000000
parentContactPosition 0.0000000 0.0000000 0.0000000
parentContactNormal 0.0000000 0.0000000 0.0000000
parentOffset 0.0000000 0.0000000 0.0000000
scale 1.4569349
scale 2.6895458
scale 1.6501120
transform 1.4569349 -0.0000000 0.0000000 0.0000000 0.0000000 2.6895458 0.0000000 0.0000000 0.0000000 0.0000000 1.6501120 0.0000000 181.8181500 224.6876929 36.5526211 1.0000000
newModel 4 e9ae2826a56f6cc8e3bc44bb1006d615
parentIndex 0
children
parentMaterialGroupIndex 0
parentTriangleIndex 0
parentUV 0.0000000 0.0000000
parentContactPosition 0.0000000 0.0000000 0.0000000
parentContactNormal 0.0000000 0.0000000 0.0000000
parentOffset 0.0000000 0.0000000 0.0000000
scale 0.6889782
scale 0.9511689
scale 0.7865585
transform -0.0000000 -0.9511689 0.0000000 0.0000000 0.6889782 -0.0000000 0.0000000 0.0000000 0.0000000 0.0000000 0.7865585 0.0000000 246.5453652 106.1673561 0.0041007 1.0000000
newModel 5 693836c29e5fa6179a2988e955b5ae43
parentIndex 0
children
parentMaterialGroupIndex 0
parentTriangleIndex 0
parentUV 0.0000000 0.0000000
parentContactPosition 0.0000000 0.0000000 0.0000000
parentContactNormal 0.0000000 0.0000000 0.0000000
parentOffset 0.0000000 0.0000000 0.0000000
scale 4.5581956
scale 1.3183656
scale 0.2516764
transform 0.0000000 -1.3183656 0.0000000 0.0000000 4.5581956 0.0000000 0.0000000 0.0000000 0.0000000 0.0000000 0.2516764 0.0000000 65.4658142 6.1182303 0.0000000 1.0000000
newModel 6 43656f715bb28776bff15b656f256f05
parentIndex 0
children
parentMaterialGroupIndex 0
parentTriangleIndex 0
parentUV 0.0000000 0.0000000
parentContactPosition 0.0000000 0.0000000 0.0000000
parentContactNormal 0.0000000 0.0000000 0.0000000
parentOffset 0.0000000 0.0000000 0.0000000
scale 1.4886086
scale 1.4281393
scale 1.1463845
transform -1.4886086 0.0000000 0.0000000 0.0000000 -0.0000000 -1.4281393 0.0000000 0.0000000 0.0000000 0.0000000 1.1463845 0.0000000 250.2056689 45.1194094 0.0000000 1.0000000
newModel 7 25dd6051429b804430a87f4918e4b66
parentIndex 2
children
parentMaterialGroupIndex 0
parentTriangleIndex 0
parentUV 0.0000000 0.0000000
parentContactPosition 0.0000000 0.0000000 0.0000000
parentContactNormal 0.0000000 0.0000000 0.0000000
parentOffset 0.0000000 0.0000000 0.0000000
scale 1.1903299
scale 1.0975413
scale 5.1419810
transform 0.0000000 -1.0975413 0.0000000 0.0000000 1.1903299 0.0000000 0.0000000 0.0000000 0.0000000 0.0000000 5.1419810 0.0000000 15.2884877 249.2266989 47.2444000 1.0000000
newModel 8 718ebcda915e18c4346ed9821e11e90
parentIndex 2
children
parentMaterialGroupIndex 0
parentTriangleIndex 0
parentUV 0.0000000 0.0000000
parentContactPosition 0.0000000 0.0000000 0.0000000
parentContactNormal 0.0000000 0.0000000 0.0000000
parentOffset 0.0000000 0.0000000 0.0000000
scale 0.7293564
scale 2.1005630
scale 2.2007095
transform -0.0000000 2.1005630 0.0000000 0.0000000 -0.7293564 -0.0000000 0.0000000 0.0000000 0.0000000 0.0000000 2.2007095 0.0000000 33.3262519 200.9318364 48.0615146 1.0000000
