StanfordSceneDatabase
version 1.0
modelCount 6
newModel 0 room08
parentIndex -1
children 1 2 3 4
parentMaterialGroupIndex 0
parentTriangleIndex 0
parentUV 0.0000000 0.0000000
parentContactPosition 0.0000000 0.0000000 0.0000000
parentContactNormal 0.0000000 0.0000000 0.0000000
parentOffset 0.0000000 0.0000000 0.0000000
scale 1.0720488
scale 1.1378601
scale 1.0000000
transform 0.0000000 1.1378601 0.0000000 0.0000000 -1.0720488 0.0000000 0.0000000 0.0000000 0.0000000 0.0000000 1.0000000 0.0000000 262.1159268 -1.7067901 0.0000000 1.0000000
newModel 1 4b62e46f46ab7d5f37445e82d5b75b1
parentIndex 0
children
parentMaterialGroupIndex 0
parentTriangleIndex 0
parentUV 0.0000000 0.0000000
parentContactPosition 0.0000000 0.0000000 0.0000000
parentContactNormal 0.0000000 0.0000000 0.0000000
parentOffset 0.0000000 0.0000000 0.0000000
scale 1.5764466
scale 1.4354377
scale 1.2242813
transform 1.5764466 -0.0000000 0.0000000 0.0000000 0.0000000 1.4354377 0.0000000 0.0000000 0.0000000 0.0000000 1.2242813 0.0000000 74.4819945 129.8079123 0.0000000 1.0000000
newModel 2 c5fc6c1e0d446d37acce1c6e70b58979
parentIndex 0
children 5
parentMaterialGroupIndex 0
parentTriangleIndex 0
parentUV 0.0000000 0.0000000
parentContactPosition 0.0000000 0.0000000 0.0000000
parentContactNormal 0.0000000 0.0000000 0.0000000
parentOffset 0.0000000 0.0000000 0.0000000
scale 1.0379177
scale 1.2053673
scale 1.5995719
transform 1.0379177 -0.0000000 0.0000000 0.0000000 0.0000000 1.2053673 0.0000000 0.0000000 0.0000000 0.0000000 1.5995719 0.0000000 -247.9931065 -419.5263707 45.6700181 1.0000000
newModel 3 18d94e539b0ed30d105e720ebc569399
parentIndex 0
children
parentMaterialGroupIndex 0
parentTriangleIndex 0
parentUV 0.0000000 0.0000000
parentContactPosition 0.0000000 0.0000000 0.0000000
parentContactNormal 0.0000000 0.0000000 0.0000000
parentOffset 0.0000000 0.0000000 0.0000000
scale 1.4569349
scale 2.6895458
scale 1.6501120
transform 1.4569349 -0.0000000 0.0000000 0.0000000 0.0000000 2.6895458 0.0000000 0.0000000 0.0000000 0.0000000 1.6501120 0.0000000 181.8181500 224.6876929 36.5526211 1.0000000
newModel 4 e9ae2826a56f6cc8e3bc44bb1006d615
parentIndex 0
children
parentMaterialGroupIndex 0
parentTriangleIndex 0
parentUV 0.0000000 0.0000000
parentContactPosition 0.0000000 0.0000000 0.0000000
parentContactNormal 0.0000000 0.0000000 0.0000000
parentOffset 0.0000000 0.0000000 0.0000000
scale 0.6889782
scale 0.9511689
scale 0.7865585
transform -0.0000000 -0.9511689 0.0000000 0.0000000 0.6889782 -0.0000000 0.0000000 0.0000000 0.0000000 0.0000000 0.7865585 0.0000000 246.5453652 106.1673561 0.0041007 1.0000000
newModel 5 25dd6051429b804430a87f4918e4b66
parentIndex 2
children
parentMaterialGroupIndex 0
parentTriangleIndex 0
parentUV 0.0000000 0.0000000
parentContactPosition 0.0000000 0.0000000 0.0000000
parentContactNormal 0.0000000 0.0000000 0.0000000
parentOffset 0.0000000 0.0000000 0.0000000
scale 1.1903299
scale 1.0975413
scale 5.1419810
transform 0.0000000 -1.0975413 0.0000000 0.0000000 1.1903299 0.0000000 0.0000000 0.0000000 0.0000000 0.0000000 5.1419810 0.0000000 15.2884877 249.2266989 47.2444000 1.0000000
