StanfordSceneDatabase
version 1.0
modelCount 29
newModel 0 room00
parentIndex -1
children 1 2 3 4 5 6 7 8 9 10 11 12 13 14 15 16
parentMaterialGroupIndex 0
parentTriangleIndex 0
parentUV 0.0000000 0.0000000
parentContactPosition 0.0000000 0.0000000 0.0000000
parentContactNormal 0.0000000 0.0000000 0.0000000
parentOffset 0.0000000 0.0000000 0.0000000
scale 3.9996967
transform 3.9996967 0.0000000 0.0000000 0.0000000 0.0000000 3.9996967 0.0000000 0.0000000 0.0000000 0.0000000 3.9996967 0.0000000 0.0000000 0.0000000 0.0000000 1.0000000
newModel 1 c0b76f006237ccd3e0e89fd83955713c
parentIndex 0
children
parentMaterialGroupIndex 0
parentTriangleIndex 0
parentUV 0.0000000 0.0000000
parentContactPosition 0.0000000 0.0000000 0.0000000
parentContactNormal 0.0000000 0.0000000 0.0000000
parentOffset 0.0000000 0.0000000 0.0000000
scale 2.9945290
transform 2.9945290 0.0000000 0.0000000 0.0000000 0.0000000 2.9945290 0.0000000 0.0000000 0.0000000 0.0000000 2.9945290 0.0000000 -1197.9561693 426.9635879 -0.0000000 1.0000000
newModel 2 c0b76f006237ccd3e0e89fd83955713c
parentIndex 0
children 17 18 19
parentMaterialGroupIndex 0
parentTriangleIndex 0
parentUV 0.0000000 0.0000000
parentContactPosition 0.0000000 0.0000000 0.0000000
parentContactNormal 0.0000000 0.0000000 0.0000000
parentOffset 0.0000000 0.0000000 0.0000000
scale 2.9945290
transform 2.9945290 0.0000000 0.0000000 0.0000000 0.0000000 2.9945290 0.0000000 0.0000000 0.0000000 0.0000000 2.9945290 0.0000000 -1348.1299435 635.7802576 -0.0000000 1.0000000
newModel 3 f282330fca04d402f91663a74ccd2338
parentIndex 0
children
parentMaterialGroupIndex 0
parentTriangleIndex 0
parentUV 0.0000000 0.0000000
parentContactPosition 0.0000000 0.0000000 0.0000000
parentContactNormal 0.0000000 0.0000000 0.0000000
parentOffset 0.0000000 0.0000000 0.0000000
scale 2.7849731
transform 2.7849731 0.0000000 0.0000000 0.0000000 0.0000000 2.7849731 0.0000000 0.0000000 0.0000000 0.0000000 2.7849731 0.0000000 630.5734452 721.8996005 0.4663939 1.0000000
newModel 4 f282330fca04d402f91663a74ccd2338
parentIndex 0
children
parentMaterialGroupIndex 0
parentTriangleIndex 0
parentUV 0.0000000 0.0000000
parentContactPosition 0.0000000 0.0000000 0.0000000
parentContactNormal 0.0000000 0.0000000 0.0000000
parentOffset 0.0000000 0.0000000 0.0000000
scale 2.7849731
transform 2.7849731 0.0000000 0.0000000 0.0000000 0.0000000 2.7849731 0.0000000 0.0000000 0.0000000 0.0000000 2.7849731 0.0000000 516.4181507 796.7860547 0.4663939 1.0000000
newModel 5 8cf336ee067253da60fe7f3536df936c
parentIndex 0
children 20
parentMaterialGroupIndex 0
parentTriangleIndex 0
parentUV 0.0000000 0.0000000
parentContactPosition 0.0000000 0.0000000 0.0000000
parentContactNormal 0.0000000 0.0000000 0.0000000
parentOffset 0.0000000 0.0000000 0.0000000
scale 1.9788008
transform 1.9788008 0.0000000 0.0000000 0.0000000 0.0000000 1.9788008 0.0000000 0.0000000 0.0000000 0.0000000 1.9788008 0.0000000 345.1991803 730.0548401 0.0000000 1.0000000
newModel 6 699468993d0ab5cb98d5fc0473d00a1c
parentIndex 0
children 25 26
parentMaterialGroupIndex 0
parentTriangleIndex 0
parentUV 0.0000000 0.0000000
parentContactPosition 0.0000000 0.0000000 0.0000000
parentContactNormal 0.0000000 0.0000000 0.0000000
parentOffset 0.0000000 0.0000000 0.0000000
scale 1.9606621
transform 1.9606621 0.0000000 0.0000000 0.0000000 0.0000000 1.9606621 0.0000000 0.0000000 0.0000000 0.0000000 1.9606621 0.0000000 684.4573453 283.8283855 0.0000000 1.0000000
newModel 7 c19963eec8f2851c526e373e8623ccb7
parentIndex 0
children
parentMaterialGroupIndex 0
parentTriangleIndex 0
parentUV 0.0000000 0.0000000
parentContactPosition 0.0000000 0.0000000 0.0000000
parentContactNormal 0.0000000 0.0000000 0.0000000
parentOffset 0.0000000 0.0000000 0.0000000
scale 2.1141059
transform 2.1141059 0.0000000 0.0000000 0.0000000 0.0000000 2.1141059 0.0000000 0.0000000 0.0000000 0.0000000 2.1141059 0.0000000 727.9904343 293.7402600 0.0000000 1.0000000
newModel 8 2bd3ebdfde8d0440bd0beb7c8bc640fc
parentIndex 0
children 21 22 23 24
parentMaterialGroupIndex 0
parentTriangleIndex 0
parentUV 0.0000000 0.0000000
parentContactPosition 0.0000000 0.0000000 0.0000000
parentContactNormal 0.0000000 0.0000000 0.0000000
parentOffset 0.0000000 0.0000000 0.0000000
scale 2.3995983
transform 2.3995983 0.0000000 0.0000000 0.0000000 0.0000000 2.3995983 0.0000000 0.0000000 0.0000000 0.0000000 2.3995983 0.0000000 385.6223752 147.0189092 0.0000000 1.0000000
newModel 9 75fe06475f7b7241920de219c00d1c3b
parentIndex 0
children
parentMaterialGroupIndex 0
parentTriangleIndex 0
parentUV 0.0000000 0.0000000
parentContactPosition 0.0000000 0.0000000 0.0000000
parentContactNormal 0.0000000 0.0000000 0.0000000
parentOffset 0.0000000 0.0000000 0.0000000
scale 5.2054228
transform 5.2054228 0.0000000 0.0000000 0.0000000 0.0000000 5.2054228 0.0000000 0.0000000 0.0000000 0.0000000 5.2054228 0.0000000 726.7907824 567.3206380 0.0000000 1.0000000
newModel 10 e6a188bbf8315d11f1783a44a88d6274
parentIndex 0
children
parentMaterialGroupIndex 0
parentTriangleIndex 0
parentUV 0.0000000 0.0000000
parentContactPosition 0.0000000 0.0000000 0.0000000
parentContactNormal 0.0000000 0.0000000 0.0000000
parentOffset 0.0000000 0.0000000 0.0000000
scale 1.6305798
transform 1.6305798 0.0000000 0.0000000 0.0000000 0.0000000 1.6305798 0.0000000 0.0000000 0.0000000 0.0000000 1.6305798 0.0000000 564.1416544 488.1136666 0.0000000 1.0000000
newModel 11 1ac1d0986508974bf1783a44a88d6274
parentIndex 0
children 27
parentMaterialGroupIndex 0
parentTriangleIndex 0
parentUV 0.0000000 0.0000000
parentContactPosition 0.0000000 0.0000000 0.0000000
parentContactNormal 0.0000000 0.0000000 0.0000000
parentOffset 0.0000000 0.0000000 0.0000000
scale 3.1877528
transform 3.1877528 0.0000000 0.0000000 0.0000000 0.0000000 3.1877528 0.0000000 0.0000000 0.0000000 0.0000000 3.1877528 0.0000000 593.9986814 617.4373381 0.0000000 1.0000000
newModel 12 1ac1d0986508974bf1783a44a88d6274
parentIndex 0
children 28
parentMaterialGroupIndex 0
parentTriangleIndex 0
parentUV 0.0000000 0.0000000
parentContactPosition 0.0000000 0.0000000 0.0000000
parentContactNormal 0.0000000 0.0000000 0.0000000
parentOffset 0.0000000 0.0000000 0.0000000
scale 3.1877528
transform 3.1877528 0.0000000 0.0000000 0.0000000 0.0000000 3.1877528 0.0000000 0.0000000 0.0000000 0.0000000 3.1877528 0.0000000 729.3946252 682.8883990 0.0000000 1.0000000
newModel 13 87c7911287c10ab8407b28046774089c
parentIndex 0
children
parentMaterialGroupIndex 0
parentTriangleIndex 0
parentUV 0.0000000 0.0000000
parentContactPosition 0.0000000 0.0000000 0.0000000
parentContactNormal 0.0000000 0.0000000 0.0000000
parentOffset 0.0000000 0.0000000 0.0000000
scale 1.9581739
transform 1.9581739 0.0000000 0.0000000 0.0000000 0.0000000 1.9581739 0.0000000 0.0000000 0.0000000 0.0000000 1.9581739 0.0000000 62.9829879 188.4291965 0.0000000 1.0000000
newModel 14 133c16fc6ca7d77676bb31db0358e9c6
parentIndex 0
children
parentMaterialGroupIndex 0
parentTriangleIndex 0
parentUV 0.0000000 0.0000000
parentContactPosition 0.0000000 0.0000000 0.0000000
parentContactNormal 0.0000000 0.0000000 0.0000000
parentOffset 0.0000000 0.0000000 0.0000000
scale 2.9114189
transform 2.9114189 0.0000000 0.0000000 0.0000000 0.0000000 2.9114189 0.0000000 0.0000000 0.0000000 0.0000000 2.9114189 0.0000000 487.6840747 197.3093397 0.0000000 1.0000000
newModel 15 e9ae2826a56f6cc8e3bc44bb1006d615
parentIndex 0
children
parentMaterialGroupIndex 0
parentTriangleIndex 0
parentUV 0.0000000 0.0000000
parentContactPosition 0.0000000 0.0000000 0.0000000
parentContactNormal 0.0000000 0.0000000 0.0000000
parentOffset 0.0000000 0.0000000 0.0000000
scale 1.2350815
transform 1.2350815 0.0000000 0.0000000 0.0000000 0.0000000 1.2350815 0.0000000 0.0000000 0.0000000 0.0000000 1.2350815 0.0000000 663.7034981 237.4837873 0.0064390 1.0000000
newModel 16 20b4891228ecfb4876bb31db0358e9c6
parentIndex 0
children
parentMaterialGroupIndex 0
parentTriangleIndex 0
parentUV 0.0000000 0.0000000
parentContactPosition 0.0000000 0.0000000 0.0000000
parentContactNormal 0.0000000 0.0000000 0.0000000
parentOffset 0.0000000 0.0000000 0.0000000
scale 3.5107395
transform 3.5107395 0.0000000 0.0000000 0.0000000 0.0000000 3.5107395 0.0000000 0.0000000 0.0000000 0.0000000 3.5107395 0.0000000 841.6385915 660.3621494 0.0000000 1.0000000
newModel 17 bb720e7949efc9abe4406b3bf37e6ffe
parentIndex 2
children
parentMaterialGroupIndex 0
parentTriangleIndex 0
parentUV 0.0000000 0.0000000
parentContactPosition 0.0000000 0.0000000 0.0000000
parentContactNormal 0.0000000 0.0000000 0.0000000
parentOffset 0.0000000 0.0000000 0.0000000
scale 3.1433560
transform 3.1433560 0.0000000 0.0000000 0.0000000 0.0000000 3.1433560 0.0000000 0.0000000 0.0000000 0.0000000 3.1433560 0.0000000 231.9286706 662.6371607 121.4145809 1.0000000
newModel 18 bb720e7949efc9abe4406b3bf37e6ffe
parentIndex 2
children
parentMaterialGroupIndex 0
parentTriangleIndex 0
parentUV 0.0000000 0.0000000
parentContactPosition 0.0000000 0.0000000 0.0000000
parentContactNormal 0.0000000 0.0000000 0.0000000
parentOffset 0.0000000 0.0000000 0.0000000
scale 3.1433560
transform 3.1433560 0.0000000 0.0000000 0.0000000 0.0000000 3.1433560 0.0000000 0.0000000 0.0000000 0.0000000 3.1433560 0.0000000 221.0948618 756.1812328 121.4145809 1.0000000
newModel 19 bb720e7949efc9abe4406b3bf37e6ffe
parentIndex 2
children
parentMaterialGroupIndex 0
parentTriangleIndex 0
parentUV 0.0000000 0.0000000
parentContactPosition 0.0000000 0.0000000 0.0000000
parentContactNormal 0.0000000 0.0000000 0.0000000
parentOffset 0.0000000 0.0000000 0.0000000
scale 3.1433560
transform 3.1433560 0.0000000 0.0000000 0.0000000 0.0000000 3.1433560 0.0000000 0.0000000 0.0000000 0.0000000 3.1433560 0.0000000 234.3969879 614.8635322 121.4145809 1.0000000
newModel 20 f017544fe5b334df1ab186a8b7e8a26a
parentIndex 5
children
parentMaterialGroupIndex 0
parentTriangleIndex 0
parentUV 0.0000000 0.0000000
parentContactPosition 0.0000000 0.0000000 0.0000000
parentContactNormal 0.0000000 0.0000000 0.0000000
parentOffset 0.0000000 0.0000000 0.0000000
scale 1.5316806
transform 1.5316806 0.0000000 0.0000000 0.0000000 0.0000000 1.5316806 0.0000000 0.0000000 0.0000000 0.0000000 1.5316806 0.0000000 442.0429329 850.2858003 124.2934270 1.0000000
newModel 21 a34966853ab2272ab2047d3072d5e051
parentIndex 8
children
parentMaterialGroupIndex 0
parentTriangleIndex 0
parentUV 0.0000000 0.0000000
parentContactPosition 0.0000000 0.0000000 0.0000000
parentContactNormal 0.0000000 0.0000000 0.0000000
parentOffset 0.0000000 0.0000000 0.0000000
scale 2.4587872
transform 2.4587872 0.0000000 0.0000000 0.0000000 0.0000000 2.4587872 0.0000000 0.0000000 0.0000000 0.0000000 2.4587872 0.0000000 511.4661490 520.0052553 64.9902409 1.0000000
newModel 22 a34966853ab2272ab2047d3072d5e051
parentIndex 8
children
parentMaterialGroupIndex 0
parentTriangleIndex 0
parentUV 0.0000000 0.0000000
parentContactPosition 0.0000000 0.0000000 0.0000000
parentContactNormal 0.0000000 0.0000000 0.0000000
parentOffset 0.0000000 0.0000000 0.0000000
scale 2.4587872
transform 2.4587872 0.0000000 0.0000000 0.0000000 0.0000000 2.4587872 0.0000000 0.0000000 0.0000000 0.0000000 2.4587872 0.0000000 534.7287342 482.0289762 64.9902409 1.0000000
newModel 23 a34966853ab2272ab2047d3072d5e051
parentIndex 8
children
parentMaterialGroupIndex 0
parentTriangleIndex 0
parentUV 0.0000000 0.0000000
parentContactPosition 0.0000000 0.0000000 0.0000000
parentContactNormal 0.0000000 0.0000000 0.0000000
parentOffset 0.0000000 0.0000000 0.0000000
scale 2.4587872
transform 2.4587872 0.0000000 0.0000000 0.0000000 0.0000000 2.4587872 0.0000000 0.0000000 0.0000000 0.0000000 2.4587872 0.0000000 547.9607167 474.7485904 64.9902409 1.0000000
newModel 24 b67a9d60ae1742ee5a70b9a0cc27fbd0
parentIndex 8
children
parentMaterialGroupIndex 0
parentTriangleIndex 0
parentUV 0.0000000 0.0000000
parentContactPosition 0.0000000 0.0000000 0.0000000
parentContactNormal 0.0000000 0.0000000 0.0000000
parentOffset 0.0000000 0.0000000 0.0000000
scale 0.7190056
transform 0.7190056 0.0000000 0.0000000 0.0000000 0.0000000 0.7190056 0.0000000 0.0000000 0.0000000 0.0000000 0.7190056 0.0000000 419.6574943 610.5236639 64.9902409 1.0000000
newModel 25 e64aaf8669fbd1af3610607758daee7e
parentIndex 6
children
parentMaterialGroupIndex 0
parentTriangleIndex 0
parentUV 0.0000000 0.0000000
parentContactPosition 0.0000000 0.0000000 0.0000000
parentContactNormal 0.0000000 0.0000000 0.0000000
parentOffset 0.0000000 0.0000000 0.0000000
scale 0.5209554
transform 0.5209554 0.0000000 0.0000000 0.0000000 0.0000000 0.5209554 0.0000000 0.0000000 0.0000000 0.0000000 0.5209554 0.0000000 578.7805271 515.4794923 154.3829289 1.0000000
newModel 26 e3cfbe893f12138e504721639e19f609
parentIndex 6
children
parentMaterialGroupIndex 0
parentTriangleIndex 0
parentUV 0.0000000 0.0000000
parentContactPosition 0.0000000 0.0000000 0.0000000
parentContactNormal 0.0000000 0.0000000 0.0000000
parentOffset 0.0000000 0.0000000 0.0000000
scale 1.2578074
transform 1.2578074 0.0000000 0.0000000 0.0000000 0.0000000 1.2578074 0.0000000 0.0000000 0.0000000 0.0000000 1.2578074 0.0000000 660.2630673 583.9144002 154.6305283 1.0000000
newModel 27 368188e7a9b9e1d3c24c2251620b1cc4
parentIndex 11
children
parentMaterialGroupIndex 0
parentTriangleIndex 0
parentUV 0.0000000 0.0000000
parentContactPosition 0.0000000 0.0000000 0.0000000
parentContactNormal 0.0000000 0.0000000 0.0000000
parentOffset 0.0000000 0.0000000 0.0000000
scale 3.3227591
transform 3.3227591 0.0000000 0.0000000 0.0000000 0.0000000 3.3227591 0.0000000 0.0000000 0.0000000 0.0000000 3.3227591 0.0000000 611.5702493 639.4940284 81.6861650 1.0000000
newModel 28 368188e7a9b9e1d3c24c2251620b1cc4
parentIndex 12
children
parentMaterialGroupIndex 0
parentTriangleIndex 0
parentUV 0.0000000 0.0000000
parentContactPosition 0.0000000 0.0000000 0.0000000
parentContactNormal 0.0000000 0.0000000 0.0000000
parentOffset 0.0000000 0.0000000 0.0000000
scale 3.3227591
transform 3.3227591 0.0000000 0.0000000 0.0000000 0.0000000 3.3227591 0.0000000 0.0000000 0.0000000 0.0000000 3.3227591 0.0000000 755.2616179 698.2226711 81.6861650 1.0000000
