StanfordSceneDatabase
version 1.0
modelCount 10
newModel 0 room08
parentIndex -1
children 1 2 3
parentMaterialGroupIndex 0
parentTriangleIndex 0
parentUV 0.0000000 0.0000000
parentContactPosition 0.0000000 0.0000000 0.0000000
parentContactNormal 0.0000000 0.0000000 0.0000000
parentOffset 0.0000000 0.0000000 0.0000000
scale 1.0720488
scale 1.1378601
scale 1.0000000
transform 1.0720488 0.0000000 0.0000000 0.0000000 0.0000000 1.1378601 0.0000000 0.0000000 0.0000000 0.0000000 1.0000000 0.0000000 0.0000000 0.0000000 0.0000000 1.0000000
newModel 1 215f72973cfa2c9a42c2142b4fb342c8
parentIndex 0
children 4 5 6
parentMaterialGroupIndex 0
parentTriangleIndex 0
parentUV 0.0000000 0.0000000
parentContactPosition 0.0000000 0.0000000 0.0000000
parentContactNormal 0.0000000 0.0000000 0.0000000
parentOffset 0.0000000 0.0000000 0.0000000
scale 1.1551100
scale 1.1551100
scale 1.1551100
transform 1.1551100 -0.0000000 0.0000000 0.0000000 0.0000000 1.1551100 0.0000000 0.0000000 0.0000000 0.0000000 1.1551100 0.0000000 145.2443073 24.5160312 6.9306600 1.0000000
newModel 2 2b9d60c74bc0d18ad8eae9bce48bbeed
parentIndex 0
children 8 9
parentMaterialGroupIndex 0
parentTriangleIndex 0
parentUV 0.0000000 0.0000000
parentContactPosition 0.0000000 0.0000000 0.0000000
parentContactNormal 0.0000000 0.0000000 0.0000000
parentOffset 0.0000000 0.0000000 0.0000000
scale 3.1907167
scale 3.3333854
scale 2.2920534
transform 3.1907167 -0.0000000 0.0000000 0.0000000 0.0000000 3.3333854 0.0000000 0.0000000 0.0000000 0.0000000 2.2920534 0.0000000 -34.3827347 190.4195601 -0.0000000 1.0000000
newModel 3 1ac1d0986508974bf1783a44a88d6274
parentIndex 0
children 7
parentMaterialGroupIndex 0
parentTriangleIndex 0
parentUV 0.0000000 0.0000000
parentContactPosition 0.0000000 0.0000000 0.0000000
parentContactNormal 0.0000000 0.0000000 0.0000000
parentOffset 0.0000000 0.0000000 0.0000000
scale 2.0813378
scale 2.2127586
scale 1.5351097
transform 0.0000000 -2.2127586 0.0000000 0.0000000 2.0813378 0.0000000 0.0000000 0.0000000 0.0000000 0.0000000 1.5351097 0.0000000 109.7344143 160.1040472 0.0000000 1.0000000
newModel 4 361e0796bd364244741e88434245c899
parentIndex 1
children
parentMaterialGroupIndex 0
parentTriangleIndex 0
parentUV 0.0000000 0.0000000
parentContactPosition 0.0000000 0.0000000 0.0000000
parentContactNormal 0.0000000 0.0000000 0.0000000
parentOffset 0.0000000 0.0000000 0.0000000
scale 0.2848059
scale 0.6011616
scale 0.0830625
transform -0.2848059 0.0000000 0.0000000 0.0000000 -0.0000000 -0.6011616 0.0000000 0.0000000 0.0000000 0.0000000 0.0830625 0.0000000 218.0059673 106.6766414 29.9375810 1.0000000
newModel 5 361e0796bd364244741e88434245c899
parentIndex 1
children
parentMaterialGroupIndex 0
parentTriangleIndex 0
parentUV 0.0000000 0.0000000
parentContactPosition 0.0000000 0.0000000 0.0000000
parentContactNormal 0.0000000 0.0000000 0.0000000
parentOffset 0.0000000 0.0000000 0.0000000
scale 0.2848059
scale 0.6011616
scale 0.0830625
transform -0.2848059 0.0000000 0.0000000 0.0000000 -0.0000000 -0.6011616 0.0000000 0.0000000 0.0000000 0.0000000 0.0830625 0.0000000 218.0059673 106.6766414 29.9375810 1.0000000
newModel 6 361e0796bd364244741e88434245c899
parentIndex 1
children
parentMaterialGroupIndex 0
parentTriangleIndex 0
parentUV 0.0000000 0.0000000
parentContactPosition 0.0000000 0.0000000 0.0000000
parentContactNormal 0.0000000 0.0000000 0.0000000
parentOffset 0.0000000 0.0000000 0.0000000
scale 0.2848059
scale 0.6011616
scale 0.0830625
transform -0.2848059 0.0000000 0.0000000 0.0000000 -0.0000000 -0.6011616 0.0000000 0.0000000 0.0000000 0.0000000 0.0830625 0.0000000 218.0059673 106.6766414 29.9375810 1.0000000
newModel 7 26bb7229b024a8549b0c8289d51d981b
parentIndex 3
children
parentMaterialGroupIndex 0
parentTriangleIndex 0
parentUV 0.0000000 0.0000000
parentContactPosition 0.0000000 0.0000000 0.0000000
parentContactNormal 0.0000000 0.0000000 0.0000000
parentOffset 0.0000000 0.0000000 0.0000000
scale 1.0609062
scale 0.6747923
scale 1.2815661
transform 0.0000000 -0.6747923 0.0000000 0.0000000 1.0609062 0.0000000 0.0000000 0.0000000 0.0000000 0.0000000 1.2815661 0.0000000 93.3631606 175.0600003 39.3371851 1.0000000
newModel 8 af19712d1a16cb59dc0dec45107520e9
parentIndex 2
children
parentMaterialGroupIndex 0
parentTriangleIndex 0
parentUV 0.0000000 0.0000000
parentContactPosition 0.0000000 0.0000000 0.0000000
parentContactNormal 0.0000000 0.0000000 0.0000000
parentOffset 0.0000000 0.0000000 0.0000000
scale 1.5665148
scale 1.4668784
scale 2.5065886
transform -1.5665148 0.0000000 0.0000000 0.0000000 -0.0000000 -1.4668784 0.0000000 0.0000000 0.0000000 0.0000000 2.5065886 0.0000000 232.3689956 218.5133486 20.0647500 1.0000000
newModel 9 a7ce5adc817940ab7eb50173c6da3ca0
parentIndex 2
children
parentMaterialGroupIndex 0
parentTriangleIndex 0
parentUV 0.0000000 0.0000000
parentContactPosition 0.0000000 0.0000000 0.0000000
parentContactNormal 0.0000000 0.0000000 0.0000000
parentOffset 0.0000000 0.0000000 0.0000000
scale 0.6595584
scale 0.2426110
scale 0.7016721
transform -0.6595584 0.0000000 0.0000000 0.0000000 -0.0000000 -0.2426110 0.0000000 0.0000000 0.0000000 0.0000000 0.7016721 0.0000000 241.9751337 225.1244981 20.4155861 1.0000000
