StanfordSceneDatabase
version 1.0
modelCount 29
newModel 0 room00
parentIndex -1
children 1 2 3 4 5 6 7 8 9 10 11 12 13 14 15 16
parentMaterialGroupIndex 0
parentTriangleIndex 0
parentUV 0.0000000 0.0000000
parentContactPosition 0.0000000 0.0000000 0.0000000
parentContactNormal 0.0000000 0.0000000 0.0000000
parentOffset 0.0000000 0.0000000 0.0000000
scale 3.9996967
transform 3.9996967 0.0000000 0.0000000 0.0000000 0.0000000 3.9996967 0.0000000 0.0000000 0.0000000 0.0000000 3.9996967 0.0000000 0.0000000 0.0000000 0.0000000 1.0000000
newModel 1 c0b76f006237ccd3e0e89fd83955713c
parentIndex 0
children
parentMaterialGroupIndex 0
parentTriangleIndex 0
parentUV 0.0000000 0.0000000
parentContactPosition 0.0000000 0.0000000 0.0000000
parentContactNormal 0.0000000 0.0000000 0.0000000
parentOffset 0.0000000 0.0000000 0.0000000
scale 2.9945290
transform 2.9945290 -0.0000000 0.0000000 0.0000000 0.0000000 2.9945290 0.0000000 0.0000000 0.0000000 0.0000000 2.9945290 0.0000000 -1197.9561693 426.9635879 -0.0000000 1.0000000
newModel 2 c0b76f006237ccd3e0e89fd83955713c
parentIndex 0
children 17 18 19
parentMaterialGroupIndex 0
parentTriangleIndex 0
parentUV 0.0000000 0.0000000
parentContactPosition 0.0000000 0.0000000 0.0000000
parentContactNormal 0.0000000 0.0000000 0.0000000
parentOffset 0.0000000 0.0000000 0.0000000
scale 2.9945290
transform 2.9941745 -0.0460816 0.0000000 0.0000000 0.0460816 2.9941745 0.0000000 0.0000000 0.0000000 0.0000000 2.9945290 0.0000000 -890.3313770 565.8801225 -0.0000000 1.0000000
newModel 3 f282330fca04d402f91663a74ccd2338
parentIndex 0
children
parentMaterialGroupIndex 0
parentTriangleIndex 0
parentUV 0.0000000 0.0000000
parentContactPosition 0.0000000 0.0000000 0.0000000
parentContactNormal 0.0000000 0.0000000 0.0000000
parentOffset 0.0000000 0.0000000 0.0000000
scale 2.7849731
transform 2.7835681 0.0884526 0.0000000 0.0000000 -0.0884526 2.7835681 0.0000000 0.0000000 0.0000000 0.0000000 2.7849731 0.0000000 798.8188728 271.2381920 0.4663939 1.0000000
newModel 4 f282330fca04d402f91663a74ccd2338
parentIndex 0
children
parentMaterialGroupIndex 0
parentTriangleIndex 0
parentUV 0.0000000 0.0000000
parentContactPosition 0.0000000 0.0000000 0.0000000
parentContactNormal 0.0000000 0.0000000 0.0000000
parentOffset 0.0000000 0.0000000 0.0000000
scale 2.7849731
transform 2.7830424 -0.1036817 0.0000000 0.0000000 0.1036817 2.7830424 0.0000000 0.0000000 0.0000000 0.0000000 2.7849731 0.0000000 784.6804423 884.0246852 0.4663939 1.0000000
newModel 5 8cf336ee067253da60fe7f3536df936c
parentIndex 0
children 20
parentMaterialGroupIndex 0
parentTriangleIndex 0
parentUV 0.0000000 0.0000000
parentContactPosition 0.0000000 0.0000000 0.0000000
parentContactNormal 0.0000000 0.0000000 0.0000000
parentOffset 0.0000000 0.0000000 0.0000000
scale 1.9788008
transform 1.9787110 -0.0188581 0.0000000 0.0000000 0.0188581 1.9787110 0.0000000 0.0000000 0.0000000 0.0000000 1.9788008 0.0000000 561.5054726 103.4163161 0.0000000 1.0000000
newModel 6 699468993d0ab5cb98d5fc0473d00a1c
parentIndex 0
children 25 26
parentMaterialGroupIndex 0
parentTriangleIndex 0
parentUV 0.0000000 0.0000000
parentContactPosition 0.0000000 0.0000000 0.0000000
parentContactNormal 0.0000000 0.0000000 0.0000000
parentOffset 0.0000000 0.0000000 0.0000000
scale 1.9606621
transform 1.9588595 0.0840562 0.0000000 0.0000000 -0.0840562 1.9588595 0.0000000 0.0000000 0.0000000 0.0000000 1.9606621 0.0000000 389.3074287 -121.3844677 0.0000000 1.0000000
newModel 7 c19963eec8f2851c526e373e8623ccb7
parentIndex 0
children
parentMaterialGroupIndex 0
parentTriangleIndex 0
parentUV 0.0000000 0.0000000
parentContactPosition 0.0000000 0.0000000 0.0000000
parentContactNormal 0.0000000 0.0000000 0.0000000
parentOffset 0.0000000 0.0000000 0.0000000
scale 2.1141059
transform 2.1129518 0.0698454 0.0000000 0.0000000 -0.0698454 2.1129518 0.0000000 0.0000000 0.0000000 0.0000000 2.1141059 0.0000000 211.3761081 52.8081756 0.0000000 1.0000000
newModel 8 2bd3ebdfde8d0440bd0beb7c8bc640fc
parentIndex 0
children 21 22 23 24
parentMaterialGroupIndex 0
parentTriangleIndex 0
parentUV 0.0000000 0.0000000
parentContactPosition 0.0000000 0.0000000 0.0000000
parentContactNormal 0.0000000 0.0000000 0.0000000
parentOffset 0.0000000 0.0000000 0.0000000
scale 2.3995983
transform 2.3982288 0.0810586 0.0000000 0.0000000 -0.0810586 2.3982288 0.0000000 0.0000000 0.0000000 0.0000000 2.3995983 0.0000000 63.0484933 335.6124060 0.0000000 1.0000000
newModel 9 75fe06475f7b7241920de219c00d1c3b
parentIndex 0
children
parentMaterialGroupIndex 0
parentTriangleIndex 0
parentUV 0.0000000 0.0000000
parentContactPosition 0.0000000 0.0000000 0.0000000
parentContactNormal 0.0000000 0.0000000 0.0000000
parentOffset 0.0000000 0.0000000 0.0000000
scale 5.2054228
transform -5.2020328 0.1878322 0.0000000 0.0000000 -0.1878322 -5.2020328 0.0000000 0.0000000 0.0000000 0.0000000 5.2054228 0.0000000 869.2969350 112.9142209 0.0000000 1.0000000
newModel 10 e6a188bbf8315d11f1783a44a88d6274
parentIndex 0
children
parentMaterialGroupIndex 0
parentTriangleIndex 0
parentUV 0.0000000 0.0000000
parentContactPosition 0.0000000 0.0000000 0.0000000
parentContactNormal 0.0000000 0.0000000 0.0000000
parentOffset 0.0000000 0.0000000 0.0000000
scale 1.6305798
transform -1.6231973 0.1549867 0.0000000 0.0000000 -0.1549867 -1.6231973 0.0000000 0.0000000 0.0000000 0.0000000 1.6305798 0.0000000 368.6407970 94.4157046 0.0000000 1.0000000
newModel 11 1ac1d0986508974bf1783a44a88d6274
parentIndex 0
children 27
parentMaterialGroupIndex 0
parentTriangleIndex 0
parentUV 0.0000000 0.0000000
parentContactPosition 0.0000000 0.0000000 0.0000000
parentContactNormal 0.0000000 0.0000000 0.0000000
parentOffset 0.0000000 0.0000000 0.0000000
scale 3.1877528
transform 3.1868558 0.0756169 0.0000000 0.0000000 -0.0756169 3.1868558 0.0000000 0.0000000 0.0000000 0.0000000 3.1877528 0.0000000 166.0478793 217.3745973 0.0000000 1.0000000
newModel 12 1ac1d0986508974bf1783a44a88d6274
parentIndex 0
children 28
parentMaterialGroupIndex 0
parentTriangleIndex 0
parentUV 0.0000000 0.0000000
parentContactPosition 0.0000000 0.0000000 0.0000000
parentContactNormal 0.0000000 0.0000000 0.0000000
parentOffset 0.0000000 0.0000000 0.0000000
scale 3.1877528
transform 3.1874710 -0.0423808 0.0000000 0.0000000 0.0423808 3.1874710 0.0000000 0.0000000 0.0000000 0.0000000 3.1877528 0.0000000 67.1826559 199.7369957 0.0000000 1.0000000
newModel 13 87c7911287c10ab8407b28046774089c
parentIndex 0
children
parentMaterialGroupIndex 0
parentTriangleIndex 0
parentUV 0.0000000 0.0000000
parentContactPosition 0.0000000 0.0000000 0.0000000
parentContactNormal 0.0000000 0.0000000 0.0000000
parentOffset 0.0000000 0.0000000 0.0000000
scale 1.9581739
transform -1.9581739 0.0000000 0.0000000 0.0000000 -0.0000000 -1.9581739 0.0000000 0.0000000 0.0000000 0.0000000 1.9581739 0.0000000 405.2962900 585.0733872 0.0000000 1.0000000
newModel 14 133c16fc6ca7d77676bb31db0358e9c6
parentIndex 0
children
parentMaterialGroupIndex 0
parentTriangleIndex 0
parentUV 0.0000000 0.0000000
parentContactPosition 0.0000000 0.0000000 0.0000000
parentContactNormal 0.0000000 0.0000000 0.0000000
parentOffset 0.0000000 0.0000000 0.0000000
scale 2.9114189
transform -1.3507913 2.5790934 0.0000000 0.0000000 -2.5790934 -1.3507913 0.0000000 0.0000000 0.0000000 0.0000000 2.9114189 0.0000000 119.9014562 127.0027057 0.0000000 1.0000000
newModel 15 e9ae2826a56f6cc8e3bc44bb1006d615
parentIndex 0
children
parentMaterialGroupIndex 0
parentTriangleIndex 0
parentUV 0.0000000 0.0000000
parentContactPosition 0.0000000 0.0000000 0.0000000
parentContactNormal 0.0000000 0.0000000 0.0000000
parentOffset 0.0000000 0.0000000 0.0000000
scale 1.2350815
transform -1.0927895 -0.5755323 0.0000000 0.0000000 0.5755323 -1.0927895 0.0000000 0.0000000 0.0000000 0.0000000 1.2350815 0.0000000 781.5540765 360.0375284 0.0064390 1.0000000
newModel 16 20b4891228ecfb4876bb31db0358e9c6
parentIndex 0
children
parentMaterialGroupIndex 0
parentTriangleIndex 0
parentUV 0.0000000 0.0000000
parentContactPosition 0.0000000 0.0000000 0.0000000
parentContactNormal 0.0000000 0.0000000 0.0000000
parentOffset 0.0000000 0.0000000 0.0000000
scale 3.5107395
transform -3.5107395 0.0000000 0.0000000 0.0000000 -0.0000000 -3.5107395 0.0000000 0.0000000 0.0000000 0.0000000 3.5107395 0.0000000 357.8987706 946.6726541 0.0000000 1.0000000
newModel 17 bb720e7949efc9abe4406b3bf37e6ffe
parentIndex 2
children
parentMaterialGroupIndex 0
parentTriangleIndex 0
parentUV 0.0000000 0.0000000
parentContactPosition 0.0000000 0.0000000 0.0000000
parentContactNormal 0.0000000 0.0000000 0.0000000
parentOffset 0.0000000 0.0000000 0.0000000
scale 3.1433560
transform 3.1433425 0.0092013 0.0000000 0.0000000 -0.0092013 3.1433425 0.0000000 0.0000000 0.0000000 0.0000000 3.1433560 0.0000000 665.3890459 626.7320380 121.4145809 1.0000000
newModel 18 bb720e7949efc9abe4406b3bf37e6ffe
parentIndex 2
children
parentMaterialGroupIndex 0
parentTriangleIndex 0
parentUV 0.0000000 0.0000000
parentContactPosition 0.0000000 0.0000000 0.0000000
parentContactNormal 0.0000000 0.0000000 0.0000000
parentOffset 0.0000000 0.0000000 0.0000000
scale 3.1433560
transform 3.1433476 -0.0072762 0.0000000 0.0000000 0.0072762 3.1433476 0.0000000 0.0000000 0.0000000 0.0000000 3.1433560 0.0000000 638.2383035 580.6917794 121.4145809 1.0000000
newModel 19 bb720e7949efc9abe4406b3bf37e6ffe
parentIndex 2
children
parentMaterialGroupIndex 0
parentTriangleIndex 0
parentUV 0.0000000 0.0000000
parentContactPosition 0.0000000 0.0000000 0.0000000
parentContactNormal 0.0000000 0.0000000 0.0000000
parentOffset 0.0000000 0.0000000 0.0000000
scale 3.1433560
transform 3.1432535 -0.0253828 0.0000000 0.0000000 0.0253828 3.1432535 0.0000000 0.0000000 0.0000000 0.0000000 3.1433560 0.0000000 678.5846827 489.9966163 121.4145809 1.0000000
newModel 20 f017544fe5b334df1ab186a8b7e8a26a
parentIndex 5
children
parentMaterialGroupIndex 0
parentTriangleIndex 0
parentUV 0.0000000 0.0000000
parentContactPosition 0.0000000 0.0000000 0.0000000
parentContactNormal 0.0000000 0.0000000 0.0000000
parentOffset 0.0000000 0.0000000 0.0000000
scale 1.5316806
transform 1.5316806 -0.0000000 0.0000000 0.0000000 0.0000000 1.5316806 0.0000000 0.0000000 0.0000000 0.0000000 1.5316806 0.0000000 659.5192804 222.4824342 124.2934270 1.0000000
newModel 21 a34966853ab2272ab2047d3072d5e051
parentIndex 8
children
parentMaterialGroupIndex 0
parentTriangleIndex 0
parentUV 0.0000000 0.0000000
parentContactPosition 0.0000000 0.0000000 0.0000000
parentContactNormal 0.0000000 0.0000000 0.0000000
parentOffset 0.0000000 0.0000000 0.0000000
scale 2.4587872
transform 2.4395556 0.3069248 0.0000000 0.0000000 -0.3069248 2.4395556 0.0000000 0.0000000 0.0000000 0.0000000 2.4587872 0.0000000 193.3230755 685.5468004 64.9902409 1.0000000
newModel 22 a34966853ab2272ab2047d3072d5e051
parentIndex 8
children
parentMaterialGroupIndex 0
parentTriangleIndex 0
parentUV 0.0000000 0.0000000
parentContactPosition 0.0000000 0.0000000 0.0000000
parentContactNormal 0.0000000 0.0000000 0.0000000
parentOffset 0.0000000 0.0000000 0.0000000
scale 2.4587872
transform 2.4526560 -0.1735316 0.0000000 0.0000000 0.1735316 2.4526560 0.0000000 0.0000000 0.0000000 0.0000000 2.4587872 0.0000000 222.2835475 660.0550314 64.9902409 1.0000000
newModel 23 a34966853ab2272ab2047d3072d5e051
parentIndex 8
children
parentMaterialGroupIndex 0
parentTriangleIndex 0
parentUV 0.0000000 0.0000000
parentContactPosition 0.0000000 0.0000000 0.0000000
parentContactNormal 0.0000000 0.0000000 0.0000000
parentOffset 0.0000000 0.0000000 0.0000000
scale 2.4587872
transform 2.4523790 -0.1774032 0.0000000 0.0000000 0.1774032 2.4523790 0.0000000 0.0000000 0.0000000 0.0000000 2.4587872 0.0000000 171.4400649 658.4607351 64.9902409 1.0000000
newModel 24 b67a9d60ae1742ee5a70b9a0cc27fbd0
parentIndex 8
children
parentMaterialGroupIndex 0
parentTriangleIndex 0
parentUV 0.0000000 0.0000000
parentContactPosition 0.0000000 0.0000000 0.0000000
parentContactNormal 0.0000000 0.0000000 0.0000000
parentOffset 0.0000000 0.0000000 0.0000000
scale 0.7190056
transform 0.7168630 0.0554663 0.0000000 0.0000000 -0.0554663 0.7168630 0.0000000 0.0000000 0.0000000 0.0000000 0.7190056 0.0000000 70.7917229 803.9816772 64.9902409 1.0000000
newModel 25 e64aaf8669fbd1af3610607758daee7e
parentIndex 6
children
parentMaterialGroupIndex 0
parentTriangleIndex 0
parentUV 0.0000000 0.0000000
parentContactPosition 0.0000000 0.0000000 0.0000000
parentContactNormal 0.0000000 0.0000000 0.0000000
parentOffset 0.0000000 0.0000000 0.0000000
scale 0.5209554
transform 0.5209554 -0.0000000 0.0000000 0.0000000 0.0000000 0.5209554 0.0000000 0.0000000 0.0000000 0.0000000 0.5209554 0.0000000 271.0176560 107.7425914 154.3829289 1.0000000
newModel 26 e3cfbe893f12138e504721639e19f609
parentIndex 6
children
parentMaterialGroupIndex 0
parentTriangleIndex 0
parentUV 0.0000000 0.0000000
parentContactPosition 0.0000000 0.0000000 0.0000000
parentContactNormal 0.0000000 0.0000000 0.0000000
parentOffset 0.0000000 0.0000000 0.0000000
scale 1.2578074
transform 1.2578074 -0.0000000 0.0000000 0.0000000 0.0000000 1.2578074 0.0000000 0.0000000 0.0000000 0.0000000 1.2578074 0.0000000 352.5001961 176.1774992 154.6305283 1.0000000
newModel 27 368188e7a9b9e1d3c24c2251620b1cc4
parentIndex 11
children
parentMaterialGroupIndex 0
parentTriangleIndex 0
parentUV 0.0000000 0.0000000
parentContactPosition 0.0000000 0.0000000 0.0000000
parentContactNormal 0.0000000 0.0000000 0.0000000
parentOffset 0.0000000 0.0000000 0.0000000
scale 3.3227591
transform 3.3211313 -0.1039952 0.0000000 0.0000000 0.1039952 3.3211313 0.0000000 0.0000000 0.0000000 0.0000000 3.3227591 0.0000000 185.9639410 232.9227974 81.6861650 1.0000000
newModel 28 368188e7a9b9e1d3c24c2251620b1cc4
parentIndex 12
children
parentMaterialGroupIndex 0
parentTriangleIndex 0
parentUV 0.0000000 0.0000000
parentContactPosition 0.0000000 0.0000000 0.0000000
parentContactNormal 0.0000000 0.0000000 0.0000000
parentOffset 0.0000000 0.0000000 0.0000000
scale 3.3227591
transform 3.3210452 0.1067083 0.0000000 0.0000000 -0.1067083 3.3210452 0.0000000 0.0000000 0.0000000 0.0000000 3.3227591 0.0000000 95.1111415 222.0569518 81.6861650 1.0000000
