StanfordSceneDatabase
version 1.0
modelCount 11
newModel 0 room08
parentIndex -1
children 1 2 3
parentMaterialGroupIndex 0
parentTriangleIndex 0
parentUV 0.0000000 0.0000000
parentContactPosition 0.0000000 0.0000000 0.0000000
parentContactNormal 0.0000000 0.0000000 0.0000000
parentOffset 0.0000000 0.0000000 0.0000000
scale 1.0720488
scale 1.1378601
scale 1.0000000
transform 1.0720488 0.0000000 0.0000000 0.0000000 0.0000000 1.1378601 0.0000000 0.0000000 0.0000000 0.0000000 1.0000000 0.0000000 0.0000000 0.0000000 0.0000000 1.0000000
newModel 1 215f72973cfa2c9a42c2142b4fb342c8
parentIndex 0
children 4 5 6
parentMaterialGroupIndex 0
parentTriangleIndex 0
parentUV 0.0000000 0.0000000
parentContactPosition 0.0000000 0.0000000 0.0000000
parentContactNormal 0.0000000 0.0000000 0.0000000
parentOffset 0.0000000 0.0000000 0.0000000
scale 1.1551100
scale 1.1551100
scale 1.1551100
transform -1.0225780 0.5372275 0.0000000 0.0000000 -0.5372275 -1.0225780 0.0000000 0.0000000 0.0000000 0.0000000 1.1551100 0.0000000 256.9005050 157.8033515 6.9306600 1.0000000
newModel 2 2b9d60c74bc0d18ad8eae9bce48bbeed
parentIndex 0
children 9 10
parentMaterialGroupIndex 0
parentTriangleIndex 0
parentUV 0.0000000 0.0000000
parentContactPosition 0.0000000 0.0000000 0.0000000
parentContactNormal 0.0000000 0.0000000 0.0000000
parentOffset 0.0000000 0.0000000 0.0000000
scale 3.1907167
scale 3.3333854
scale 2.2920534
transform -2.2084487 2.4058890 0.0000000 0.0000000 -2.3029171 -2.3071966 0.0000000 0.0000000 0.0000000 0.0000000 2.2920534 0.0000000 292.8399786 73.8942001 -0.0000000 1.0000000
newModel 3 1ac1d0986508974bf1783a44a88d6274
parentIndex 0
children 7 8
parentMaterialGroupIndex 0
parentTriangleIndex 0
parentUV 0.0000000 0.0000000
parentContactPosition 0.0000000 0.0000000 0.0000000
parentContactNormal 0.0000000 0.0000000 0.0000000
parentOffset 0.0000000 0.0000000 0.0000000
scale 2.0813378
scale 2.2127586
scale 1.5351097
transform -1.9971857 0.6228386 0.0000000 0.0000000 -0.5858468 -2.1232929 0.0000000 0.0000000 0.0000000 0.0000000 1.5351097 0.0000000 93.8061340 212.4181038 0.0000000 1.0000000
newModel 4 361e0796bd364244741e88434245c899
parentIndex 1
children
parentMaterialGroupIndex 0
parentTriangleIndex 0
parentUV 0.0000000 0.0000000
parentContactPosition 0.0000000 0.0000000 0.0000000
parentContactNormal 0.0000000 0.0000000 0.0000000
parentOffset 0.0000000 0.0000000 0.0000000
scale 0.2848059
scale 0.6011616
scale 0.0830625
transform 0.2330903 0.3454415 0.0000000 0.0000000 -0.1636561 0.4920014 0.0000000 0.0000000 0.0000000 0.0000000 0.0830625 0.0000000 151.0427364 45.3893471 66.9375810 1.0000000
newModel 5 361e0796bd364244741e88434245c899
parentIndex 1
children
parentMaterialGroupIndex 0
parentTriangleIndex 0
parentUV 0.0000000 0.0000000
parentContactPosition 0.0000000 0.0000000 0.0000000
parentContactNormal 0.0000000 0.0000000 0.0000000
parentOffset 0.0000000 0.0000000 0.0000000
scale 0.2848059
scale 0.6011616
scale 0.0830625
transform 0.2456941 0.3040459 0.0000000 0.0000000 -0.1440446 0.5186052 0.0000000 0.0000000 0.0000000 0.0000000 0.0830625 0.0000000 159.7299094 104.0328447 66.9375810 1.0000000
newModel 6 361e0796bd364244741e88434245c899
parentIndex 1
children
parentMaterialGroupIndex 0
parentTriangleIndex 0
parentUV 0.0000000 0.0000000
parentContactPosition 0.0000000 0.0000000 0.0000000
parentContactNormal 0.0000000 0.0000000 0.0000000
parentOffset 0.0000000 0.0000000 0.0000000
scale 0.2848059
scale 0.6011616
scale 0.0830625
transform 0.2516692 0.2814308 0.0000000 0.0000000 -0.1333305 0.5312174 0.0000000 0.0000000 0.0000000 0.0000000 0.0830625 0.0000000 206.6349887 98.5625106 66.9375810 1.0000000
newModel 7 26bb7229b024a8549b0c8289d51d981b
parentIndex 3
children
parentMaterialGroupIndex 0
parentTriangleIndex 0
parentUV 0.0000000 0.0000000
parentContactPosition 0.0000000 0.0000000 0.0000000
parentContactNormal 0.0000000 0.0000000 0.0000000
parentOffset 0.0000000 0.0000000 0.0000000
scale 1.0609062
scale 0.6747923
scale 1.2815661
transform -0.2164871 0.6605937 0.0000000 0.0000000 -1.0385833 -0.1376972 0.0000000 0.0000000 0.0000000 0.0000000 1.2815661 0.0000000 114.7100951 173.6299363 39.3371851 1.0000000
newModel 8 26bb7229b024a8549b0c8289d51d981b
parentIndex 3
children
parentMaterialGroupIndex 0
parentTriangleIndex 0
parentUV 0.0000000 0.0000000
parentContactPosition 0.0000000 0.0000000 0.0000000
parentContactNormal 0.0000000 0.0000000 0.0000000
parentOffset 0.0000000 0.0000000 0.0000000
scale 1.0609062
scale 0.6747923
scale 1.2815661
transform 1.0180119 0.1899379 0.0000000 0.0000000 -0.2986197 0.6475092 0.0000000 0.0000000 0.0000000 0.0000000 1.2815661 0.0000000 28.1079393 159.5367109 39.3371851 1.0000000
newModel 9 af19712d1a16cb59dc0dec45107520e9
parentIndex 2
children
parentMaterialGroupIndex 0
parentTriangleIndex 0
parentUV 0.0000000 0.0000000
parentContactPosition 0.0000000 0.0000000 0.0000000
parentContactNormal 0.0000000 0.0000000 0.0000000
parentOffset 0.0000000 0.0000000 0.0000000
scale 1.5665148
scale 1.4668784
scale 2.5065886
transform -1.3310587 0.7734492 0.0000000 0.0000000 -0.8259851 -1.2463982 0.0000000 0.0000000 0.0000000 0.0000000 2.5065886 0.0000000 103.4086928 243.8847843 20.0647500 1.0000000
newModel 10 a7ce5adc817940ab7eb50173c6da3ca0
parentIndex 2
children
parentMaterialGroupIndex 0
parentTriangleIndex 0
parentUV 0.0000000 0.0000000
parentContactPosition 0.0000000 0.0000000 0.0000000
parentContactNormal 0.0000000 0.0000000 0.0000000
parentOffset 0.0000000 0.0000000 0.0000000
scale 0.6595584
scale 0.2426110
scale 0.7016721
transform -0.6552947 -0.0275415 0.0000000 0.0000000 0.0748738 -0.2410427 0.0000000 0.0000000 0.0000000 0.0000000 0.7016721 0.0000000 90.3530383 274.0909328 20.4155861 1.0000000
