StanfordSceneDatabase
version 1.0
modelCount 29
newModel 0 room00
parentIndex -1
children 1 2 3 4 5 6 7 8 9 10 11 12 13 14 15 16
parentMaterialGroupIndex 0
parentTriangleIndex 0
parentUV 0.0000000 0.0000000
parentContactPosition 0.0000000 0.0000000 0.0000000
parentContactNormal 0.0000000 0.0000000 0.0000000
parentOffset 0.0000000 0.0000000 0.0000000
scale 3.9996967
transform 3.9996967 0.0000000 0.0000000 0.0000000 0.0000000 3.9996967 0.0000000 0.0000000 0.0000000 0.0000000 3.9996967 0.0000000 0.0000000 0.0000000 0.0000000 1.0000000
newModel 1 c0b76f006237ccd3e0e89fd83955713c
parentIndex 0
children
parentMaterialGroupIndex 0
parentTriangleIndex 0
parentUV 0.0000000 0.0000000
parentContactPosition 0.0000000 0.0000000 0.0000000
parentContactNormal 0.0000000 0.0000000 0.0000000
parentOffset 0.0000000 0.0000000 0.0000000
scale 2.9945290
transform 2.9945290 0.0000000 0.0000000 0.0000000 0.0000000 2.9945290 0.0000000 0.0000000 0.0000000 0.0000000 2.9945290 0.0000000 -1197.9561693 426.9635879 -0.0000000 1.0000000
newModel 2 c0b76f006237ccd3e0e89fd83955713c
parentIndex 0
children 26 27 28
parentMaterialGroupIndex 0
parentTriangleIndex 0
parentUV 0.0000000 0.0000000
parentContactPosition 0.0000000 0.0000000 0.0000000
parentContactNormal 0.0000000 0.0000000 0.0000000
parentOffset 0.0000000 0.0000000 0.0000000
scale 2.9945290
transform 2.9945290 0.0000000 0.0000000 0.0000000 0.0000000 2.9945290 0.0000000 0.0000000 0.0000000 0.0000000 2.9945290 0.0000000 -1002.1803258 687.7354531 -0.0000000 1.0000000
newModel 3 8cf336ee067253da60fe7f3536df936c
parentIndex 0
children 24
parentMaterialGroupIndex 0
parentTriangleIndex 0
parentUV 0.0000000 0.0000000
parentContactPosition 0.0000000 0.0000000 0.0000000
parentContactNormal 0.0000000 0.0000000 0.0000000
parentOffset 0.0000000 0.0000000 0.0000000
scale 1.9788008
transform 1.9788008 0.0000000 0.0000000 0.0000000 0.0000000 1.9788008 0.0000000 0.0000000 0.0000000 0.0000000 1.9788008 0.0000000 569.3271492 320.5829457 0.0000000 1.0000000
newModel 4 75fe06475f7b7241920de219c00d1c3b
parentIndex 0
children
parentMaterialGroupIndex 0
parentTriangleIndex 0
parentUV 0.0000000 0.0000000
parentContactPosition 0.0000000 0.0000000 0.0000000
parentContactNormal 0.0000000 0.0000000 0.0000000
parentOffset 0.0000000 0.0000000 0.0000000
scale 5.2054228
transform 5.2054228 0.0000000 0.0000000 0.0000000 0.0000000 5.2054228 0.0000000 0.0000000 0.0000000 0.0000000 5.2054228 0.0000000 459.7013752 766.9678165 0.0000000 1.0000000
newModel 5 87c7911287c10ab8407b28046774089c
parentIndex 0
children
parentMaterialGroupIndex 0
parentTriangleIndex 0
parentUV 0.0000000 0.0000000
parentContactPosition 0.0000000 0.0000000 0.0000000
parentContactNormal 0.0000000 0.0000000 0.0000000
parentOffset 0.0000000 0.0000000 0.0000000
scale 1.9581739
transform 1.9581739 0.0000000 0.0000000 0.0000000 0.0000000 1.9581739 0.0000000 0.0000000 0.0000000 0.0000000 1.9581739 0.0000000 526.4795321 59.0624878 0.0000000 1.0000000
newModel 6 2bd3ebdfde8d0440bd0beb7c8bc640fc
parentIndex 0
children 18 19 20 21
parentMaterialGroupIndex 0
parentTriangleIndex 0
parentUV 0.0000000 0.0000000
parentContactPosition 0.0000000 0.0000000 0.0000000
parentContactNormal 0.0000000 0.0000000 0.0000000
parentOffset 0.0000000 0.0000000 0.0000000
scale 2.3995983
transform 2.3995983 0.0000000 0.0000000 0.0000000 0.0000000 2.3995983 0.0000000 0.0000000 0.0000000 0.0000000 2.3995983 0.0000000 661.8813899 60.5970456 0.0000000 1.0000000
newModel 7 f282330fca04d402f91663a74ccd2338
parentIndex 0
children
parentMaterialGroupIndex 0
parentTriangleIndex 0
parentUV 0.0000000 0.0000000
parentContactPosition 0.0000000 0.0000000 0.0000000
parentContactNormal 0.0000000 0.0000000 0.0000000
parentOffset 0.0000000 0.0000000 0.0000000
scale 2.7849731
transform 2.7849731 0.0000000 0.0000000 0.0000000 0.0000000 2.7849731 0.0000000 0.0000000 0.0000000 0.0000000 2.7849731 0.0000000 347.1276190 482.1413237 0.4663939 1.0000000
newModel 8 f282330fca04d402f91663a74ccd2338
parentIndex 0
children
parentMaterialGroupIndex 0
parentTriangleIndex 0
parentUV 0.0000000 0.0000000
parentContactPosition 0.0000000 0.0000000 0.0000000
parentContactNormal 0.0000000 0.0000000 0.0000000
parentOffset 0.0000000 0.0000000 0.0000000
scale 2.7849731
transform 2.7849731 0.0000000 0.0000000 0.0000000 0.0000000 2.7849731 0.0000000 0.0000000 0.0000000 0.0000000 2.7849731 0.0000000 486.0755424 731.6360013 0.4663939 1.0000000
newModel 9 e6a188bbf8315d11f1783a44a88d6274
parentIndex 0
children
parentMaterialGroupIndex 0
parentTriangleIndex 0
parentUV 0.0000000 0.0000000
parentContactPosition 0.0000000 0.0000000 0.0000000
parentContactNormal 0.0000000 0.0000000 0.0000000
parentOffset 0.0000000 0.0000000 0.0000000
scale 1.6305798
transform 1.6305798 0.0000000 0.0000000 0.0000000 0.0000000 1.6305798 0.0000000 0.0000000 0.0000000 0.0000000 1.6305798 0.0000000 567.4824679 527.7243728 0.0000000 1.0000000
newModel 10 699468993d0ab5cb98d5fc0473d00a1c
parentIndex 0
children 22 23
parentMaterialGroupIndex 0
parentTriangleIndex 0
parentUV 0.0000000 0.0000000
parentContactPosition 0.0000000 0.0000000 0.0000000
parentContactNormal 0.0000000 0.0000000 0.0000000
parentOffset 0.0000000 0.0000000 0.0000000
scale 1.9606621
transform 1.9606621 0.0000000 0.0000000 0.0000000 0.0000000 1.9606621 0.0000000 0.0000000 0.0000000 0.0000000 1.9606621 0.0000000 429.8643992 272.6100392 0.0000000 1.0000000
newModel 11 1ac1d0986508974bf1783a44a88d6274
parentIndex 0
children 25
parentMaterialGroupIndex 0
parentTriangleIndex 0
parentUV 0.0000000 0.0000000
parentContactPosition 0.0000000 0.0000000 0.0000000
parentContactNormal 0.0000000 0.0000000 0.0000000
parentOffset 0.0000000 0.0000000 0.0000000
scale 3.1877528
transform 3.1877528 0.0000000 0.0000000 0.0000000 0.0000000 3.1877528 0.0000000 0.0000000 0.0000000 0.0000000 3.1877528 0.0000000 759.0030214 620.4683239 0.0000000 1.0000000
newModel 12 1ac1d0986508974bf1783a44a88d6274
parentIndex 0
children 17
parentMaterialGroupIndex 0
parentTriangleIndex 0
parentUV 0.0000000 0.0000000
parentContactPosition 0.0000000 0.0000000 0.0000000
parentContactNormal 0.0000000 0.0000000 0.0000000
parentOffset 0.0000000 0.0000000 0.0000000
scale 3.1877528
transform 3.1877528 0.0000000 0.0000000 0.0000000 0.0000000 3.1877528 0.0000000 0.0000000 0.0000000 0.0000000 3.1877528 0.0000000 405.0909923 619.6403990 0.0000000 1.0000000
newModel 13 133c16fc6ca7d77676bb31db0358e9c6
parentIndex 0
children
parentMaterialGroupIndex 0
parentTriangleIndex 0
parentUV 0.0000000 0.0000000
parentContactPosition 0.0000000 0.0000000 0.0000000
parentContactNormal 0.0000000 0.0000000 0.0000000
parentOffset 0.0000000 0.0000000 0.0000000
scale 2.9114189
transform 2.9114189 0.0000000 0.0000000 0.0000000 0.0000000 2.9114189 0.0000000 0.0000000 0.0000000 0.0000000 2.9114189 0.0000000 280.1060746 751.3118205 0.0000000 1.0000000
newModel 14 e9ae2826a56f6cc8e3bc44bb1006d615
parentIndex 0
children
parentMaterialGroupIndex 0
parentTriangleIndex 0
parentUV 0.0000000 0.0000000
parentContactPosition 0.0000000 0.0000000 0.0000000
parentContactNormal 0.0000000 0.0000000 0.0000000
parentOffset 0.0000000 0.0000000 0.0000000
scale 1.2350815
transform 1.2350815 0.0000000 0.0000000 0.0000000 0.0000000 1.2350815 0.0000000 0.0000000 0.0000000 0.0000000 1.2350815 0.0000000 818.2002956 432.3447522 0.0064390 1.0000000
newModel 15 20b4891228ecfb4876bb31db0358e9c6
parentIndex 0
children
parentMaterialGroupIndex 0
parentTriangleIndex 0
parentUV 0.0000000 0.0000000
parentContactPosition 0.0000000 0.0000000 0.0000000
parentContactNormal 0.0000000 0.0000000 0.0000000
parentOffset 0.0000000 0.0000000 0.0000000
scale 3.5107395
transform 3.5107395 0.0000000 0.0000000 0.0000000 0.0000000 3.5107395 0.0000000 0.0000000 0.0000000 0.0000000 3.5107395 0.0000000 599.6047725 942.2277018 0.0000000 1.0000000
newModel 16 c19963eec8f2851c526e373e8623ccb7
parentIndex 0
children
parentMaterialGroupIndex 0
parentTriangleIndex 0
parentUV 0.0000000 0.0000000
parentContactPosition 0.0000000 0.0000000 0.0000000
parentContactNormal 0.0000000 0.0000000 0.0000000
parentOffset 0.0000000 0.0000000 0.0000000
scale 2.1141059
transform 2.1141059 0.0000000 0.0000000 0.0000000 0.0000000 2.1141059 0.0000000 0.0000000 0.0000000 0.0000000 2.1141059 0.0000000 411.1966579 85.2815357 0.0000000 1.0000000
newModel 17 368188e7a9b9e1d3c24c2251620b1cc4
parentIndex 12
children
parentMaterialGroupIndex 0
parentTriangleIndex 0
parentUV 0.0000000 0.0000000
parentContactPosition 0.0000000 0.0000000 0.0000000
parentContactNormal 0.0000000 0.0000000 0.0000000
parentOffset 0.0000000 0.0000000 0.0000000
scale 3.3227591
transform 3.3227591 0.0000000 0.0000000 0.0000000 0.0000000 3.3227591 0.0000000 0.0000000 0.0000000 0.0000000 3.3227591 0.0000000 426.8206795 640.0968229 81.6861650 1.0000000
newModel 18 b67a9d60ae1742ee5a70b9a0cc27fbd0
parentIndex 6
children
parentMaterialGroupIndex 0
parentTriangleIndex 0
parentUV 0.0000000 0.0000000
parentContactPosition 0.0000000 0.0000000 0.0000000
parentContactNormal 0.0000000 0.0000000 0.0000000
parentOffset 0.0000000 0.0000000 0.0000000
scale 0.7190056
transform 0.7190056 0.0000000 0.0000000 0.0000000 0.0000000 0.7190056 0.0000000 0.0000000 0.0000000 0.0000000 0.7190056 0.0000000 760.7297709 521.4298213 64.9902409 1.0000000
newModel 19 a34966853ab2272ab2047d3072d5e051
parentIndex 6
children
parentMaterialGroupIndex 0
parentTriangleIndex 0
parentUV 0.0000000 0.0000000
parentContactPosition 0.0000000 0.0000000 0.0000000
parentContactNormal 0.0000000 0.0000000 0.0000000
parentOffset 0.0000000 0.0000000 0.0000000
scale 2.4587872
transform 2.4587872 0.0000000 0.0000000 0.0000000 0.0000000 2.4587872 0.0000000 0.0000000 0.0000000 0.0000000 2.4587872 0.0000000 735.3110166 386.0901086 64.9902409 1.0000000
newModel 20 a34966853ab2272ab2047d3072d5e051
parentIndex 6
children
parentMaterialGroupIndex 0
parentTriangleIndex 0
parentUV 0.0000000 0.0000000
parentContactPosition 0.0000000 0.0000000 0.0000000
parentContactNormal 0.0000000 0.0000000 0.0000000
parentOffset 0.0000000 0.0000000 0.0000000
scale 2.4587872
transform 2.4587872 0.0000000 0.0000000 0.0000000 0.0000000 2.4587872 0.0000000 0.0000000 0.0000000 0.0000000 2.4587872 0.0000000 708.4502987 434.3365323 64.9902409 1.0000000
newModel 21 a34966853ab2272ab2047d3072d5e051
parentIndex 6
children
parentMaterialGroupIndex 0
parentTriangleIndex 0
parentUV 0.0000000 0.0000000
parentContactPosition 0.0000000 0.0000000 0.0000000
parentContactNormal 0.0000000 0.0000000 0.0000000
parentOffset 0.0000000 0.0000000 0.0000000
scale 2.4587872
transform 2.4587872 0.0000000 0.0000000 0.0000000 0.0000000 2.4587872 0.0000000 0.0000000 0.0000000 0.0000000 2.4587872 0.0000000 712.9593376 422.8483528 64.9902409 1.0000000
newModel 22 e64aaf8669fbd1af3610607758daee7e
parentIndex 10
children
parentMaterialGroupIndex 0
parentTriangleIndex 0
parentUV 0.0000000 0.0000000
parentContactPosition 0.0000000 0.0000000 0.0000000
parentContactNormal 0.0000000 0.0000000 0.0000000
parentOffset 0.0000000 0.0000000 0.0000000
scale 0.5209554
transform 0.5209554 0.0000000 0.0000000 0.0000000 0.0000000 0.5209554 0.0000000 0.0000000 0.0000000 0.0000000 0.5209554 0.0000000 324.1875811 504.2611460 154.3829289 1.0000000
newModel 23 e3cfbe893f12138e504721639e19f609
parentIndex 10
children
parentMaterialGroupIndex 0
parentTriangleIndex 0
parentUV 0.0000000 0.0000000
parentContactPosition 0.0000000 0.0000000 0.0000000
parentContactNormal 0.0000000 0.0000000 0.0000000
parentOffset 0.0000000 0.0000000 0.0000000
scale 1.2578074
transform 1.2578074 0.0000000 0.0000000 0.0000000 0.0000000 1.2578074 0.0000000 0.0000000 0.0000000 0.0000000 1.2578074 0.0000000 405.6701212 572.6960539 154.6305283 1.0000000
newModel 24 f017544fe5b334df1ab186a8b7e8a26a
parentIndex 3
children
parentMaterialGroupIndex 0
parentTriangleIndex 0
parentUV 0.0000000 0.0000000
parentContactPosition 0.0000000 0.0000000 0.0000000
parentContactNormal 0.0000000 0.0000000 0.0000000
parentOffset 0.0000000 0.0000000 0.0000000
scale 1.5316806
transform 1.5316806 0.0000000 0.0000000 0.0000000 0.0000000 1.5316806 0.0000000 0.0000000 0.0000000 0.0000000 1.5316806 0.0000000 666.1709018 440.8139060 124.2934270 1.0000000
newModel 25 368188e7a9b9e1d3c24c2251620b1cc4
parentIndex 11
children
parentMaterialGroupIndex 0
parentTriangleIndex 0
parentUV 0.0000000 0.0000000
parentContactPosition 0.0000000 0.0000000 0.0000000
parentContactNormal 0.0000000 0.0000000 0.0000000
parentOffset 0.0000000 0.0000000 0.0000000
scale 3.3227591
transform 3.3227591 0.0000000 0.0000000 0.0000000 0.0000000 3.3227591 0.0000000 0.0000000 0.0000000 0.0000000 3.3227591 0.0000000 775.8474847 635.5542672 81.6861650 1.0000000
newModel 26 bb720e7949efc9abe4406b3bf37e6ffe
parentIndex 2
children
parentMaterialGroupIndex 0
parentTriangleIndex 0
parentUV 0.0000000 0.0000000
parentContactPosition 0.0000000 0.0000000 0.0000000
parentContactNormal 0.0000000 0.0000000 0.0000000
parentOffset 0.0000000 0.0000000 0.0000000
scale 3.1433560
transform 3.1433560 0.0000000 0.0000000 0.0000000 0.0000000 3.1433560 0.0000000 0.0000000 0.0000000 0.0000000 3.1433560 0.0000000 565.2387652 704.6214216 121.4145809 1.0000000
newModel 27 bb720e7949efc9abe4406b3bf37e6ffe
parentIndex 2
children
parentMaterialGroupIndex 0
parentTriangleIndex 0
parentUV 0.0000000 0.0000000
parentContactPosition 0.0000000 0.0000000 0.0000000
parentContactNormal 0.0000000 0.0000000 0.0000000
parentOffset 0.0000000 0.0000000 0.0000000
scale 3.1433560
transform 3.1433560 0.0000000 0.0000000 0.0000000 0.0000000 3.1433560 0.0000000 0.0000000 0.0000000 0.0000000 3.1433560 0.0000000 515.8317384 648.0164918 121.4145809 1.0000000
newModel 28 bb720e7949efc9abe4406b3bf37e6ffe
parentIndex 2
children
parentMaterialGroupIndex 0
parentTriangleIndex 0
parentUV 0.0000000 0.0000000
parentContactPosition 0.0000000 0.0000000 0.0000000
parentContactNormal 0.0000000 0.0000000 0.0000000
parentOffset 0.0000000 0.0000000 0.0000000
scale 3.1433560
transform 3.1433560 0.0000000 0.0000000 0.0000000 0.0000000 3.1433560 0.0000000 0.0000000 0.0000000 0.0000000 3.1433560 0.0000000 528.2276384 761.4479317 121.4145809 1.0000000
