StanfordSceneDatabase
version 1.0
modelCount 11
newModel 0 room08
parentIndex -1
children 1 2 3
parentMaterialGroupIndex 0
parentTriangleIndex 0
parentUV 0.0000000 0.0000000
parentContactPosition 0.0000000 0.0000000 0.0000000
parentContactNormal 0.0000000 0.0000000 0.0000000
parentOffset 0.0000000 0.0000000 0.0000000
scale 1.0720488
scale 1.1378601
scale 1.0000000
transform 1.0720488 0.0000000 0.0000000 0.0000000 0.0000000 1.1378601 0.0000000 0.0000000 0.0000000 0.0000000 1.0000000 0.0000000 0.0000000 0.0000000 0.0000000 1.0000000
newModel 1 215f72973cfa2c9a42c2142b4fb342c8
parentIndex 0
children 4 5 6
parentMaterialGroupIndex 0
parentTriangleIndex 0
parentUV 0.0000000 0.0000000
parentContactPosition 0.0000000 0.0000000 0.0000000
parentContactNormal 0.0000000 0.0000000 0.0000000
parentOffset 0.0000000 0.0000000 0.0000000
scale 1.1551100
scale 1.1551100
scale 1.1551100
transform -1.0225780 0.5372275 0.0000000 0.0000000 -0.5372275 -1.0225780 0.0000000 0.0000000 0.0000000 0.0000000 1.1551100 0.0000000 219.7291585 139.8160970 6.9306600 1.0000000
newModel 2 2b9d60c74bc0d18ad8eae9bce48bbeed
parentIndex 0
children 9 10
parentMaterialGroupIndex 0
parentTriangleIndex 0
parentUV 0.0000000 0.0000000
parentContactPosition 0.0000000 0.0000000 0.0000000
parentContactNormal 0.0000000 0.0000000 0.0000000
parentOffset 0.0000000 0.0000000 0.0000000
scale 3.1907167
scale 3.3333854
scale 2.2920534
transform -0.6453339 3.2644949 0.0000000 0.0000000 -3.1247747 -0.6741892 0.0000000 0.0000000 0.0000000 0.0000000 2.2920534 0.0000000 208.3346192 -40.8605587 -0.0000000 1.0000000
newModel 3 1ac1d0986508974bf1783a44a88d6274
parentIndex 0
children 7 8
parentMaterialGroupIndex 0
parentTriangleIndex 0
parentUV 0.0000000 0.0000000
parentContactPosition 0.0000000 0.0000000 0.0000000
parentContactNormal 0.0000000 0.0000000 0.0000000
parentOffset 0.0000000 0.0000000 0.0000000
scale 2.0813378
scale 2.2127586
scale 1.5351097
transform -1.2360073 1.7803282 0.0000000 0.0000000 -1.6745905 -1.3140518 0.0000000 0.0000000 0.0000000 0.0000000 1.5351097 0.0000000 79.7493067 231.5811036 0.0000000 1.0000000
newModel 4 361e0796bd364244741e88434245c899
parentIndex 1
children
parentMaterialGroupIndex 0
parentTriangleIndex 0
parentUV 0.0000000 0.0000000
parentContactPosition 0.0000000 0.0000000 0.0000000
parentContactNormal 0.0000000 0.0000000 0.0000000
parentOffset 0.0000000 0.0000000 0.0000000
scale 0.2848059
scale 0.6011616
scale 0.0830625
transform 0.2521286 0.2795929 0.0000000 0.0000000 -0.1324597 0.5321871 0.0000000 0.0000000 0.0000000 0.0000000 0.0830625 0.0000000 128.5023087 84.9066683 29.9375810 1.0000000
newModel 5 361e0796bd364244741e88434245c899
parentIndex 1
children
parentMaterialGroupIndex 0
parentTriangleIndex 0
parentUV 0.0000000 0.0000000
parentContactPosition 0.0000000 0.0000000 0.0000000
parentContactNormal 0.0000000 0.0000000 0.0000000
parentOffset 0.0000000 0.0000000 0.0000000
scale 0.2848059
scale 0.6011616
scale 0.0830625
transform 0.2521286 0.2795929 0.0000000 0.0000000 -0.1324597 0.5321871 0.0000000 0.0000000 0.0000000 0.0000000 0.0830625 0.0000000 128.5023087 84.9066683 29.9375810 1.0000000
newModel 6 361e0796bd364244741e88434245c899
parentIndex 1
children
parentMaterialGroupIndex 0
parentTriangleIndex 0
parentUV 0.0000000 0.0000000
parentContactPosition 0.0000000 0.0000000 0.0000000
parentContactNormal 0.0000000 0.0000000 0.0000000
parentOffset 0.0000000 0.0000000 0.0000000
scale 0.2848059
scale 0.6011616
scale 0.0830625
transform 0.2521286 0.2795929 0.0000000 0.0000000 -0.1324597 0.5321871 0.0000000 0.0000000 0.0000000 0.0000000 0.0830625 0.0000000 128.5023087 84.9066683 29.9375810 1.0000000
newModel 7 26bb7229b024a8549b0c8289d51d981b
parentIndex 3
children
parentMaterialGroupIndex 0
parentTriangleIndex 0
parentUV 0.0000000 0.0000000
parentContactPosition 0.0000000 0.0000000 0.0000000
parentContactNormal 0.0000000 0.0000000 0.0000000
parentOffset 0.0000000 0.0000000 0.0000000
scale 1.0609062
scale 0.6747923
scale 1.2815661
transform 0.5484679 0.5776202 0.0000000 0.0000000 -0.9081327 0.3488545 0.0000000 0.0000000 0.0000000 0.0000000 1.2815661 0.0000000 59.2087253 194.9495564 39.3371851 1.0000000
newModel 8 26bb7229b024a8549b0c8289d51d981b
parentIndex 3
children
parentMaterialGroupIndex 0
parentTriangleIndex 0
parentUV 0.0000000 0.0000000
parentContactPosition 0.0000000 0.0000000 0.0000000
parentContactNormal 0.0000000 0.0000000 0.0000000
parentOffset 0.0000000 0.0000000 0.0000000
scale 1.0609062
scale 0.6747923
scale 1.2815661
transform 0.6300216 0.5429204 0.0000000 0.0000000 -0.8535776 0.4007269 0.0000000 0.0000000 0.0000000 0.0000000 1.2815661 0.0000000 49.4104118 189.4262895 39.3371851 1.0000000
newModel 9 af19712d1a16cb59dc0dec45107520e9
parentIndex 2
children
parentMaterialGroupIndex 0
parentTriangleIndex 0
parentUV 0.0000000 0.0000000
parentContactPosition 0.0000000 0.0000000 0.0000000
parentContactNormal 0.0000000 0.0000000 0.0000000
parentOffset 0.0000000 0.0000000 0.0000000
scale 1.5665148
scale 1.4668784
scale 2.5065886
transform -1.1586444 0.9872261 0.0000000 0.0000000 -1.0542826 -1.0849501 0.0000000 0.0000000 0.0000000 0.0000000 2.5065886 0.0000000 134.4827635 207.9239315 20.0647500 1.0000000
newModel 10 a7ce5adc817940ab7eb50173c6da3ca0
parentIndex 2
children
parentMaterialGroupIndex 0
parentTriangleIndex 0
parentUV 0.0000000 0.0000000
parentContactPosition 0.0000000 0.0000000 0.0000000
parentContactNormal 0.0000000 0.0000000 0.0000000
parentOffset 0.0000000 0.0000000 0.0000000
scale 0.6595584
scale 0.2426110
scale 0.7016721
transform -0.5150994 -0.1515253 0.0000000 0.0000000 0.4119343 -0.1894734 0.0000000 0.0000000 0.0000000 0.0000000 0.7016721 0.0000000 131.2341139 250.7886456 20.4155861 1.0000000
